Step , TotalTime , T , P , Ux , Uy , Uz
1 , 0 , 1000 , 31963.9 , 0 , 0 , 0
2 , 0 , 1000 , 32857.3 , 0 , 0 , 0
3 , 0 , 1000 , 33708.3 , 0 , 0 , 0
4 , 0 , 1000 , 34520 , 0 , 0 , 0
5 , 0 , 1000 , 35295.3 , 0 , 0 , 0
6 , 0 , 1000 , 36036.8 , 0 , 0 , 0
7 , 0 , 1000 , 36747 , 0 , 0 , 0
8 , 0 , 1000 , 37427.9 , 0 , 0 , 0
9 , 0 , 1000 , 38081.8 , 0 , 0 , 0
10 , 0 , 1000 , 38710.3 , 0 , 0 , 0
11 , 0 , 1000 , 39315.3 , 0 , 0 , 0
12 , 0 , 1000 , 39898.3 , 0 , 0 , 0
13 , 0 , 1000 , 40460.6 , 0 , 0 , 0
14 , 0 , 1000 , 41003.7 , 0 , 0 , 0
15 , 0 , 1000 , 41528.6 , 0 , 0 , 0
16 , 0 , 1000 , 42036.4 , 0 , 0 , 0
17 , 0 , 1000 , 42528.1 , 0 , 0 , 0
18 , 0 , 1000 , 43004.6 , 0 , 0 , 0
19 , 0 , 1000 , 43466.7 , 0 , 0 , 0
20 , 0 , 1000 , 43915.1 , 0 , 0 , 0
21 , 0 , 1000 , 44350.5 , 0 , 0 , 0
22 , 0 , 1000 , 44773.5 , 0 , 0 , 0
23 , 0 , 1000 , 45184.6 , 0 , 0 , 0
24 , 0 , 1000 , 45584.3 , 0 , 0 , 0
25 , 0 , 1000 , 45973.2 , 0 , 0 , 0
26 , 0 , 1000 , 46351.6 , 0 , 0 , 0
27 , 0 , 1000 , 46719.9 , 0 , 0 , 0
28 , 0 , 1000 , 47078.5 , 0 , 0 , 0
29 , 0 , 1000 , 47427.7 , 0 , 0 , 0
30 , 0 , 1000 , 47767.9 , 0 , 0 , 0
31 , 0 , 1000 , 48099.2 , 0 , 0 , 0
32 , 0 , 1000 , 48422 , 0 , 0 , 0
33 , 0 , 1000 , 48736.4 , 0 , 0 , 0
34 , 0 , 1000 , 49042.8 , 0 , 0 , 0
35 , 0 , 1000 , 49341.3 , 0 , 0 , 0
36 , 0 , 1000 , 49632.2 , 0 , 0 , 0
37 , 0 , 1000 , 49915.5 , 0 , 0 , 0
38 , 0 , 1000 , 50191.6 , 0 , 0 , 0
39 , 0 , 1000 , 50460.6 , 0 , 0 , 0
40 , 0 , 1000 , 50722.5 , 0 , 0 , 0
41 , 0 , 1000 , 50977.7 , 0 , 0 , 0
42 , 0 , 1000 , 51226.2 , 0 , 0 , 0
43 , 0 , 1000 , 51468.1 , 0 , 0 , 0
44 , 0 , 1000 , 51703.7 , 0 , 0 , 0
45 , 0 , 1000 , 51933 , 0 , 0 , 0
46 , 0 , 1000 , 52156.2 , 0 , 0 , 0
47 , 0 , 1000 , 52373.3 , 0 , 0 , 0
48 , 0 , 1000 , 52584.6 , 0 , 0 , 0
49 , 0 , 1000 , 52790.2 , 0 , 0 , 0
50 , 0 , 1000 , 52990.1 , 0 , 0 , 0
51 , 0 , 1000 , 53184.4 , 0 , 0 , 0
52 , 0 , 1000 , 53373.4 , 0 , 0 , 0
53 , 0 , 1000 , 53557 , 0 , 0 , 0
54 , 0 , 1000 , 53735.4 , 0 , 0 , 0
55 , 0 , 1000 , 53908.8 , 0 , 0 , 0
56 , 0 , 1000 , 54077.1 , 0 , 0 , 0
57 , 0 , 1000 , 54240.6 , 0 , 0 , 0
58 , 0 , 1000 , 54399.2 , 0 , 0 , 0
59 , 0 , 1000 , 54553.2 , 0 , 0 , 0
60 , 0 , 1000 , 54702.6 , 0 , 0 , 0
61 , 0 , 1000 , 54847.5 , 0 , 0 , 0
62 , 0 , 1000 , 54987.9 , 0 , 0 , 0
63 , 0 , 1000 , 55124.1 , 0 , 0 , 0
64 , 0 , 1000 , 55256 , 0 , 0 , 0
65 , 0 , 1000 , 55383.8 , 0 , 0 , 0
66 , 0 , 1000 , 55507.6 , 0 , 0 , 0
67 , 0 , 1000 , 55627.4 , 0 , 0 , 0
68 , 0 , 1000 , 55743.3 , 0 , 0 , 0
69 , 0 , 1000 , 55855.5 , 0 , 0 , 0
70 , 0 , 1000 , 55963.9 , 0 , 0 , 0
71 , 0 , 1000 , 56068.7 , 0 , 0 , 0
72 , 0 , 1000 , 56170 , 0 , 0 , 0
73 , 0 , 1000 , 56267.8 , 0 , 0 , 0
74 , 0 , 1000 , 56362.1 , 0 , 0 , 0
75 , 0 , 1000 , 56453.2 , 0 , 0 , 0
76 , 0 , 1000 , 56541.1 , 0 , 0 , 0
77 , 0 , 1000 , 56625.8 , 0 , 0 , 0
78 , 0 , 1000 , 56707.4 , 0 , 0 , 0
79 , 0 , 1000 , 56785.9 , 0 , 0 , 0
80 , 0 , 1000 , 56861.5 , 0 , 0 , 0
81 , 0 , 1000 , 56934.3 , 0 , 0 , 0
82 , 0 , 1000 , 57004.2 , 0 , 0 , 0
83 , 0 , 1000 , 57071.4 , 0 , 0 , 0
84 , 0 , 1000 , 57136 , 0 , 0 , 0
85 , 0 , 1000 , 57197.9 , 0 , 0 , 0
86 , 0 , 1000 , 57257.3 , 0 , 0 , 0
87 , 0 , 1000 , 57314.2 , 0 , 0 , 0
88 , 0 , 1000 , 57368.7 , 0 , 0 , 0
89 , 0 , 1000 , 57420.9 , 0 , 0 , 0
90 , 0 , 1000 , 57470.9 , 0 , 0 , 0
91 , 0 , 1000 , 57518.6 , 0 , 0 , 0
92 , 0 , 1000 , 57564.2 , 0 , 0 , 0
93 , 0 , 1000 , 57607.7 , 0 , 0 , 0
94 , 0 , 1000 , 57649.2 , 0 , 0 , 0
95 , 0 , 1000 , 57688.8 , 0 , 0 , 0
96 , 0 , 1000 , 57726.4 , 0 , 0 , 0
97 , 0 , 1000 , 57762.3 , 0 , 0 , 0
98 , 0 , 1000 , 57796.4 , 0 , 0 , 0
99 , 0 , 1000 , 57828.8 , 0 , 0 , 0
100 , 0 , 1000 , 57859.6 , 0 , 0 , 0
101 , 0 , 1000 , 57888.8 , 0 , 0 , 0
102 , 0 , 1000 , 57916.4 , 0 , 0 , 0
103 , 0 , 1000 , 57942.6 , 0 , 0 , 0
104 , 0 , 1000 , 57967.5 , 0 , 0 , 0
105 , 0 , 1000 , 57990.9 , 0 , 0 , 0
106 , 0 , 1000 , 58013.1 , 0 , 0 , 0
107 , 0 , 1000 , 58034.1 , 0 , 0 , 0
108 , 0 , 1000 , 58053.9 , 0 , 0 , 0
109 , 0 , 1000 , 58072.6 , 0 , 0 , 0
110 , 0 , 1000 , 58090.3 , 0 , 0 , 0
111 , 0 , 1000 , 58106.9 , 0 , 0 , 0
112 , 0 , 1000 , 58122.6 , 0 , 0 , 0
113 , 0 , 1000 , 58137.4 , 0 , 0 , 0
114 , 0 , 1000 , 58151.4 , 0 , 0 , 0
115 , 0 , 1000 , 58164.6 , 0 , 0 , 0
116 , 0 , 1000 , 58177.1 , 0 , 0 , 0
117 , 0 , 1000 , 58188.9 , 0 , 0 , 0
118 , 0 , 1000 , 58200.1 , 0 , 0 , 0
119 , 0 , 1000 , 58210.7 , 0 , 0 , 0
120 , 0 , 1000 , 58220.7 , 0 , 0 , 0
121 , 0 , 1000 , 58230.3 , 0 , 0 , 0
122 , 0 , 1000 , 58239.5 , 0 , 0 , 0
123 , 0 , 1000 , 58248.3 , 0 , 0 , 0
124 , 0 , 1000 , 58256.8 , 0 , 0 , 0
125 , 0 , 1000 , 58265 , 0 , 0 , 0
126 , 0 , 1000 , 58272.9 , 0 , 0 , 0
127 , 0 , 1000 , 58280.6 , 0 , 0 , 0
128 , 0 , 1000 , 58288.2 , 0 , 0 , 0
129 , 0 , 1000 , 58295.7 , 0 , 0 , 0
130 , 0 , 1000 , 58303 , 0 , 0 , 0
131 , 0 , 1000 , 58310.4 , 0 , 0 , 0
132 , 0 , 1000 , 58317.7 , 0 , 0 , 0
133 , 0 , 1000 , 58325.1 , 0 , 0 , 0
134 , 0 , 1000 , 58332.6 , 0 , 0 , 0
135 , 0 , 1000 , 58340.1 , 0 , 0 , 0
136 , 0 , 1000 , 58347.8 , 0 , 0 , 0
137 , 0 , 1000 , 58355.7 , 0 , 0 , 0
138 , 0 , 1000 , 58363.7 , 0 , 0 , 0
139 , 0 , 1000 , 58372 , 0 , 0 , 0
140 , 0 , 1000 , 58380.6 , 0 , 0 , 0
141 , 0 , 1000 , 58389.4 , 0 , 0 , 0
142 , 0 , 1000 , 58398.6 , 0 , 0 , 0
143 , 0 , 1000 , 58408 , 0 , 0 , 0
144 , 0 , 1000 , 58417.9 , 0 , 0 , 0
145 , 0 , 1000 , 58428.1 , 0 , 0 , 0
146 , 0 , 1000 , 58438.6 , 0 , 0 , 0
147 , 0 , 1000 , 58449.6 , 0 , 0 , 0
148 , 0 , 1000 , 58461 , 0 , 0 , 0
149 , 0 , 1000 , 58472.9 , 0 , 0 , 0
150 , 0 , 1000 , 58485.2 , 0 , 0 , 0
151 , 0 , 1000 , 58498 , 0 , 0 , 0
152 , 0 , 1000 , 58511.2 , 0 , 0 , 0
153 , 0 , 1000 , 58525 , 0 , 0 , 0
154 , 0 , 1000 , 58539.2 , 0 , 0 , 0
155 , 0 , 1000 , 58554 , 0 , 0 , 0
156 , 0 , 1000 , 58569.3 , 0 , 0 , 0
157 , 0 , 1000 , 58585.2 , 0 , 0 , 0
158 , 0 , 1000 , 58601.5 , 0 , 0 , 0
159 , 0 , 1000 , 58618.5 , 0 , 0 , 0
160 , 0 , 1000 , 58635.9 , 0 , 0 , 0
161 , 0 , 1000 , 58654 , 0 , 0 , 0
162 , 0 , 1000 , 58672.6 , 0 , 0 , 0
163 , 0 , 1000 , 58691.7 , 0 , 0 , 0
164 , 0 , 1000 , 58711.5 , 0 , 0 , 0
165 , 0 , 1000 , 58731.8 , 0 , 0 , 0
166 , 0 , 1000 , 58752.7 , 0 , 0 , 0
167 , 0 , 1000 , 58774.1 , 0 , 0 , 0
168 , 0 , 1000 , 58796.1 , 0 , 0 , 0
169 , 0 , 1000 , 58818.7 , 0 , 0 , 0
170 , 0 , 1000 , 58841.9 , 0 , 0 , 0
171 , 0 , 1000 , 58865.7 , 0 , 0 , 0
172 , 0 , 1000 , 58890 , 0 , 0 , 0
173 , 0 , 1000 , 58914.9 , 0 , 0 , 0
174 , 0 , 1000 , 58940.4 , 0 , 0 , 0
175 , 0 , 1000 , 58966.5 , 0 , 0 , 0
176 , 0 , 1000 , 58993.1 , 0 , 0 , 0
177 , 0 , 1000 , 59020.3 , 0 , 0 , 0
178 , 0 , 1000 , 59048.1 , 0 , 0 , 0
179 , 0 , 1000 , 59076.5 , 0 , 0 , 0
180 , 0 , 1000 , 59105.4 , 0 , 0 , 0
181 , 0 , 1000 , 59134.9 , 0 , 0 , 0
182 , 0 , 1000 , 59165 , 0 , 0 , 0
183 , 0 , 1000 , 59195.7 , 0 , 0 , 0
184 , 0 , 1000 , 59227 , 0 , 0 , 0
185 , 0 , 1000 , 59258.9 , 0 , 0 , 0
186 , 0 , 1000 , 59291.3 , 0 , 0 , 0
187 , 0 , 1000 , 59324.3 , 0 , 0 , 0
188 , 0 , 1000 , 59358 , 0 , 0 , 0
189 , 0 , 1000 , 59392.2 , 0 , 0 , 0
190 , 0 , 1000 , 59427.1 , 0 , 0 , 0
191 , 0 , 1000 , 59462.5 , 0 , 0 , 0
192 , 0 , 1000 , 59498.6 , 0 , 0 , 0
193 , 0 , 1000 , 59535.3 , 0 , 0 , 0
194 , 0 , 1000 , 59572.6 , 0 , 0 , 0
195 , 0 , 1000 , 59610.6 , 0 , 0 , 0
196 , 0 , 1000 , 59649.2 , 0 , 0 , 0
197 , 0 , 1000 , 59688.5 , 0 , 0 , 0
198 , 0 , 1000 , 59728.5 , 0 , 0 , 0
199 , 0 , 1000 , 59769.1 , 0 , 0 , 0
200 , 0 , 1000 , 59810.4 , 0 , 0 , 0
201 , 0 , 1000 , 59852.5 , 0 , 0 , 0
202 , 0 , 1000 , 59895.2 , 0 , 0 , 0
203 , 0 , 1000 , 59938.7 , 0 , 0 , 0
204 , 0 , 1000 , 59982.9 , 0 , 0 , 0
205 , 0 , 1000 , 60027.8 , 0 , 0 , 0
206 , 0 , 1000 , 60073.5 , 0 , 0 , 0
207 , 0 , 1000 , 60120 , 0 , 0 , 0
208 , 0 , 1000 , 60167.3 , 0 , 0 , 0
209 , 0 , 1000 , 60215.3 , 0 , 0 , 0
210 , 0 , 1000 , 60264.2 , 0 , 0 , 0
211 , 0 , 1000 , 60313.9 , 0 , 0 , 0
212 , 0 , 1000 , 60364.4 , 0 , 0 , 0
213 , 0 , 1000 , 60415.8 , 0 , 0 , 0
214 , 0 , 1000 , 60468 , 0 , 0 , 0
215 , 0 , 1000 , 60521 , 0 , 0 , 0
216 , 0 , 1000 , 60575 , 0 , 0 , 0
217 , 0 , 1000 , 60629.8 , 0 , 0 , 0
218 , 0 , 1000 , 60685.5 , 0 , 0 , 0
219 , 0 , 1000 , 60742.1 , 0 , 0 , 0
220 , 0 , 1000 , 60799.6 , 0 , 0 , 0
221 , 0 , 1000 , 60858 , 0 , 0 , 0
222 , 0 , 1000 , 60917.3 , 0 , 0 , 0
223 , 0 , 1000 , 60977.5 , 0 , 0 , 0
224 , 0 , 1000 , 61038.6 , 0 , 0 , 0
225 , 0 , 1000 , 61100.6 , 0 , 0 , 0
226 , 0 , 1000 , 61163.6 , 0 , 0 , 0
227 , 0 , 1000 , 61227.4 , 0 , 0 , 0
228 , 0 , 1000 , 61292.1 , 0 , 0 , 0
229 , 0 , 1000 , 61357.8 , 0 , 0 , 0
230 , 0 , 1000 , 61424.3 , 0 , 0 , 0
231 , 0 , 1000 , 61491.7 , 0 , 0 , 0
232 , 0 , 1000 , 61560 , 0 , 0 , 0
233 , 0 , 1000 , 61629.1 , 0 , 0 , 0
234 , 0 , 1000 , 61699.1 , 0 , 0 , 0
235 , 0 , 1000 , 61770 , 0 , 0 , 0
236 , 0 , 1000 , 61841.6 , 0 , 0 , 0
237 , 0 , 1000 , 61914.1 , 0 , 0 , 0
238 , 0 , 1000 , 61987.3 , 0 , 0 , 0
239 , 0 , 1000 , 62061.3 , 0 , 0 , 0
240 , 0 , 1000 , 62136.1 , 0 , 0 , 0
241 , 0 , 1000 , 62211.6 , 0 , 0 , 0
242 , 0 , 1000 , 62287.8 , 0 , 0 , 0
243 , 0 , 1000 , 62364.7 , 0 , 0 , 0
244 , 0 , 1000 , 62442.2 , 0 , 0 , 0
245 , 0 , 1000 , 62520.4 , 0 , 0 , 0
246 , 0 , 1000 , 62599.2 , 0 , 0 , 0
247 , 0 , 1000 , 62678.5 , 0 , 0 , 0
248 , 0 , 1000 , 62758.5 , 0 , 0 , 0
249 , 0 , 1000 , 62838.9 , 0 , 0 , 0
250 , 0 , 1000 , 62919.9 , 0 , 0 , 0
251 , 0 , 1000 , 63001.3 , 0 , 0 , 0
252 , 0 , 1000 , 63083.1 , 0 , 0 , 0
253 , 0 , 1000 , 63165.4 , 0 , 0 , 0
254 , 0 , 1000 , 63248 , 0 , 0 , 0
255 , 0 , 1000 , 63331 , 0 , 0 , 0
256 , 0 , 1000 , 63414.3 , 0 , 0 , 0
257 , 0 , 1000 , 63497.9 , 0 , 0 , 0
258 , 0 , 1000 , 63581.7 , 0 , 0 , 0
259 , 0 , 1000 , 63665.8 , 0 , 0 , 0
260 , 0 , 1000 , 63750 , 0 , 0 , 0
261 , 0 , 1000 , 63834.3 , 0 , 0 , 0
262 , 0 , 1000 , 63918.8 , 0 , 0 , 0
263 , 0 , 1000 , 64003.3 , 0 , 0 , 0
264 , 0 , 1000 , 64087.9 , 0 , 0 , 0
265 , 0 , 1000 , 64172.4 , 0 , 0 , 0
266 , 0 , 1000 , 64257 , 0 , 0 , 0
267 , 0 , 1000 , 64341.4 , 0 , 0 , 0
268 , 0 , 1000 , 64425.8 , 0 , 0 , 0
269 , 0 , 1000 , 64510 , 0 , 0 , 0
270 , 0 , 1000 , 64594.1 , 0 , 0 , 0
271 , 0 , 1000 , 64677.9 , 0 , 0 , 0
272 , 0 , 1000 , 64761.5 , 0 , 0 , 0
273 , 0 , 1000 , 64844.8 , 0 , 0 , 0
274 , 0 , 1000 , 64927.9 , 0 , 0 , 0
275 , 0 , 1000 , 65010.6 , 0 , 0 , 0
276 , 0 , 1000 , 65092.9 , 0 , 0 , 0
277 , 0 , 1000 , 65174.8 , 0 , 0 , 0
278 , 0 , 1000 , 65256.2 , 0 , 0 , 0
279 , 0 , 1000 , 65337.2 , 0 , 0 , 0
280 , 0 , 1000 , 65417.8 , 0 , 0 , 0
281 , 0 , 1000 , 65497.7 , 0 , 0 , 0
282 , 0 , 1000 , 65577.1 , 0 , 0 , 0
283 , 0 , 1000 , 65655.9 , 0 , 0 , 0
284 , 0 , 1000 , 65734.1 , 0 , 0 , 0
285 , 0 , 1000 , 65811.7 , 0 , 0 , 0
286 , 0 , 1000 , 65888.5 , 0 , 0 , 0
287 , 0 , 1000 , 65964.6 , 0 , 0 , 0
288 , 0 , 1000 , 66040 , 0 , 0 , 0
289 , 0 , 1000 , 66114.6 , 0 , 0 , 0
290 , 0 , 1000 , 66188.5 , 0 , 0 , 0
291 , 0 , 1000 , 66261.4 , 0 , 0 , 0
292 , 0 , 1000 , 66333.6 , 0 , 0 , 0
293 , 0 , 1000 , 66404.8 , 0 , 0 , 0
294 , 0 , 1000 , 66475.1 , 0 , 0 , 0
295 , 0 , 1000 , 66544.5 , 0 , 0 , 0
296 , 0 , 1000 , 66612.9 , 0 , 0 , 0
297 , 0 , 1000 , 66680.3 , 0 , 0 , 0
298 , 0 , 1000 , 66746.7 , 0 , 0 , 0
299 , 0 , 1000 , 66812.1 , 0 , 0 , 0
300 , 0 , 1000 , 66876.4 , 0 , 0 , 0
301 , 0 , 1000 , 66939.6 , 0 , 0 , 0
302 , 0 , 1000 , 67001.6 , 0 , 0 , 0
303 , 0 , 1000 , 67062.6 , 0 , 0 , 0
304 , 0 , 1000 , 67122.3 , 0 , 0 , 0
305 , 0 , 1000 , 67180.8 , 0 , 0 , 0
306 , 0 , 1000 , 67238 , 0 , 0 , 0
307 , 0 , 1000 , 67293.9 , 0 , 0 , 0
308 , 0 , 1000 , 67348.4 , 0 , 0 , 0
309 , 0 , 1000 , 67401.6 , 0 , 0 , 0
310 , 0 , 1000 , 67453.4 , 0 , 0 , 0
311 , 0 , 1000 , 67503.8 , 0 , 0 , 0
312 , 0 , 1000 , 67552.7 , 0 , 0 , 0
313 , 0 , 1000 , 67600.1 , 0 , 0 , 0
314 , 0 , 1000 , 67646.1 , 0 , 0 , 0
315 , 0 , 1000 , 67690.5 , 0 , 0 , 0
316 , 0 , 1000 , 67733.4 , 0 , 0 , 0
317 , 0 , 1000 , 67774.7 , 0 , 0 , 0
318 , 0 , 1000 , 67814.4 , 0 , 0 , 0
319 , 0 , 1000 , 67852.5 , 0 , 0 , 0
320 , 0 , 1000 , 67889 , 0 , 0 , 0
321 , 0 , 1000 , 67923.8 , 0 , 0 , 0
322 , 0 , 1000 , 67957 , 0 , 0 , 0
323 , 0 , 1000 , 67988.4 , 0 , 0 , 0
324 , 0 , 1000 , 68018.2 , 0 , 0 , 0
325 , 0 , 1000 , 68046.2 , 0 , 0 , 0
326 , 0 , 1000 , 68072.6 , 0 , 0 , 0
327 , 0 , 1000 , 68097.1 , 0 , 0 , 0
328 , 0 , 1000 , 68119.9 , 0 , 0 , 0
329 , 0 , 1000 , 68140.8 , 0 , 0 , 0
330 , 0 , 1000 , 68160 , 0 , 0 , 0
331 , 0 , 1000 , 68177.3 , 0 , 0 , 0
332 , 0 , 1000 , 68192.8 , 0 , 0 , 0
333 , 0 , 1000 , 68206.5 , 0 , 0 , 0
334 , 0 , 1000 , 68218.2 , 0 , 0 , 0
335 , 0 , 1000 , 68228 , 0 , 0 , 0
336 , 0 , 1000 , 68236 , 0 , 0 , 0
337 , 0 , 1000 , 68242 , 0 , 0 , 0
338 , 0 , 1000 , 68245.6 , 0 , 0 , 0
339 , 0 , 1000 , 68246.6 , 0 , 0 , 0
340 , 0 , 1000 , 68245.2 , 0 , 0 , 0
341 , 0 , 1000 , 68241.3 , 0 , 0 , 0
342 , 0 , 1000 , 68234.9 , 0 , 0 , 0
343 , 0 , 1000 , 68226.1 , 0 , 0 , 0
344 , 0 , 1000 , 68214.9 , 0 , 0 , 0
345 , 0 , 1000 , 68201.3 , 0 , 0 , 0
346 , 0 , 1000 , 68185.3 , 0 , 0 , 0
347 , 0 , 1000 , 68166.9 , 0 , 0 , 0
348 , 0 , 1000 , 68146.1 , 0 , 0 , 0
349 , 0 , 1000 , 68123 , 0 , 0 , 0
350 , 0 , 1000 , 68097.5 , 0 , 0 , 0
351 , 0 , 1000 , 68069.6 , 0 , 0 , 0
352 , 0 , 1000 , 68039.3 , 0 , 0 , 0
353 , 0 , 1000 , 68006.7 , 0 , 0 , 0
354 , 0 , 1000 , 67971.7 , 0 , 0 , 0
355 , 0 , 1000 , 67934.3 , 0 , 0 , 0
356 , 0 , 1000 , 67894.5 , 0 , 0 , 0
357 , 0 , 1000 , 67852.3 , 0 , 0 , 0
358 , 0 , 1000 , 67807.8 , 0 , 0 , 0
359 , 0 , 1000 , 67760.9 , 0 , 0 , 0
360 , 0 , 1000 , 67711.6 , 0 , 0 , 0
361 , 0 , 1000 , 67659.9 , 0 , 0 , 0
362 , 0 , 1000 , 67605.8 , 0 , 0 , 0
363 , 0 , 1000 , 67549.4 , 0 , 0 , 0
364 , 0 , 1000 , 67490.5 , 0 , 0 , 0
365 , 0 , 1000 , 67429.2 , 0 , 0 , 0
366 , 0 , 1000 , 67365.4 , 0 , 0 , 0
367 , 0 , 1000 , 67299.1 , 0 , 0 , 0
368 , 0 , 1000 , 67230.3 , 0 , 0 , 0
369 , 0 , 1000 , 67158.9 , 0 , 0 , 0
370 , 0 , 1000 , 67084.9 , 0 , 0 , 0
371 , 0 , 1000 , 67008.5 , 0 , 0 , 0
372 , 0 , 1000 , 66929.4 , 0 , 0 , 0
373 , 0 , 1000 , 66847.9 , 0 , 0 , 0
374 , 0 , 1000 , 66763.7 , 0 , 0 , 0
375 , 0 , 1000 , 66677.1 , 0 , 0 , 0
376 , 0 , 1000 , 66587.9 , 0 , 0 , 0
377 , 0 , 1000 , 66496.1 , 0 , 0 , 0
378 , 0 , 1000 , 66401.9 , 0 , 0 , 0
379 , 0 , 1000 , 66305.1 , 0 , 0 , 0
380 , 0 , 1000 , 66205.8 , 0 , 0 , 0
381 , 0 , 1000 , 66104 , 0 , 0 , 0
382 , 0 , 1000 , 65999.7 , 0 , 0 , 0
383 , 0 , 1000 , 65892.9 , 0 , 0 , 0
384 , 0 , 1000 , 65783.6 , 0 , 0 , 0
385 , 0 , 1000 , 65671.8 , 0 , 0 , 0
386 , 0 , 1000 , 65557.6 , 0 , 0 , 0
387 , 0 , 1000 , 65440.8 , 0 , 0 , 0
388 , 0 , 1000 , 65321.6 , 0 , 0 , 0
389 , 0 , 1000 , 65199.9 , 0 , 0 , 0
390 , 0 , 1000 , 65075.8 , 0 , 0 , 0
391 , 0 , 1000 , 64949.1 , 0 , 0 , 0
392 , 0 , 1000 , 64820.1 , 0 , 0 , 0
393 , 0 , 1000 , 64688.5 , 0 , 0 , 0
394 , 0 , 1000 , 64554.5 , 0 , 0 , 0
395 , 0 , 1000 , 64418 , 0 , 0 , 0
396 , 0 , 1000 , 64279.1 , 0 , 0 , 0
397 , 0 , 1000 , 64137.8 , 0 , 0 , 0
398 , 0 , 1000 , 63994 , 0 , 0 , 0
399 , 0 , 1000 , 63847.9 , 0 , 0 , 0
400 , 0 , 1000 , 63699.3 , 0 , 0 , 0
401 , 0 , 1000 , 63548.3 , 0 , 0 , 0
402 , 0 , 1000 , 63394.9 , 0 , 0 , 0
403 , 0 , 1000 , 63239.2 , 0 , 0 , 0
404 , 0 , 1000 , 63081.1 , 0 , 0 , 0
405 , 0 , 1000 , 62920.6 , 0 , 0 , 0
406 , 0 , 1000 , 62757.7 , 0 , 0 , 0
407 , 0 , 1000 , 62592.5 , 0 , 0 , 0
408 , 0 , 1000 , 62425 , 0 , 0 , 0
409 , 0 , 1000 , 62255.2 , 0 , 0 , 0
410 , 0 , 1000 , 62083 , 0 , 0 , 0
411 , 0 , 1000 , 61908.5 , 0 , 0 , 0
412 , 0 , 1000 , 61731.8 , 0 , 0 , 0
413 , 0 , 1000 , 61552.7 , 0 , 0 , 0
414 , 0 , 1000 , 61371.4 , 0 , 0 , 0
415 , 0 , 1000 , 61187.8 , 0 , 0 , 0
416 , 0 , 1000 , 61002 , 0 , 0 , 0
417 , 0 , 1000 , 60813.9 , 0 , 0 , 0
418 , 0 , 1000 , 60623.6 , 0 , 0 , 0
419 , 0 , 1000 , 60431.2 , 0 , 0 , 0
420 , 0 , 1000 , 60236.5 , 0 , 0 , 0
421 , 0 , 1000 , 60039.6 , 0 , 0 , 0
422 , 0 , 1000 , 59840.6 , 0 , 0 , 0
423 , 0 , 1000 , 59639.4 , 0 , 0 , 0
424 , 0 , 1000 , 59436.1 , 0 , 0 , 0
425 , 0 , 1000 , 59230.7 , 0 , 0 , 0
426 , 0 , 1000 , 59023.2 , 0 , 0 , 0
427 , 0 , 1000 , 58813.6 , 0 , 0 , 0
428 , 0 , 1000 , 58601.9 , 0 , 0 , 0
429 , 0 , 1000 , 58388.2 , 0 , 0 , 0
430 , 0 , 1000 , 58172.5 , 0 , 0 , 0
431 , 0 , 1000 , 57954.8 , 0 , 0 , 0
432 , 0 , 1000 , 57735.1 , 0 , 0 , 0
433 , 0 , 1000 , 57513.4 , 0 , 0 , 0
434 , 0 , 1000 , 57289.8 , 0 , 0 , 0
435 , 0 , 1000 , 57064.3 , 0 , 0 , 0
436 , 0 , 1000 , 56836.9 , 0 , 0 , 0
437 , 0 , 1000 , 56607.6 , 0 , 0 , 0
438 , 0 , 1000 , 56376.5 , 0 , 0 , 0
439 , 0 , 1000 , 56143.6 , 0 , 0 , 0
440 , 0 , 1000 , 55909 , 0 , 0 , 0
441 , 0 , 1000 , 55672.6 , 0 , 0 , 0
442 , 0 , 1000 , 55434.4 , 0 , 0 , 0
443 , 0 , 1000 , 55194.6 , 0 , 0 , 0
444 , 0 , 1000 , 54953.2 , 0 , 0 , 0
445 , 0 , 1000 , 54710.1 , 0 , 0 , 0
446 , 0 , 1000 , 54465.5 , 0 , 0 , 0
447 , 0 , 1000 , 54219.3 , 0 , 0 , 0
448 , 0 , 1000 , 53971.7 , 0 , 0 , 0
449 , 0 , 1000 , 53722.5 , 0 , 0 , 0
450 , 0 , 1000 , 53472 , 0 , 0 , 0
451 , 0 , 1000 , 53220.1 , 0 , 0 , 0
452 , 0 , 1000 , 52966.8 , 0 , 0 , 0
453 , 0 , 1000 , 52712.3 , 0 , 0 , 0
454 , 0 , 1000 , 52456.5 , 0 , 0 , 0
455 , 0 , 1000 , 52199.6 , 0 , 0 , 0
456 , 0 , 1000 , 51941.5 , 0 , 0 , 0
457 , 0 , 1000 , 51682.3 , 0 , 0 , 0
458 , 0 , 1000 , 51422.1 , 0 , 0 , 0
459 , 0 , 1000 , 51160.8 , 0 , 0 , 0
460 , 0 , 1000 , 50898.7 , 0 , 0 , 0
461 , 0 , 1000 , 50635.6 , 0 , 0 , 0
462 , 0 , 1000 , 50371.8 , 0 , 0 , 0
463 , 0 , 1000 , 50107.1 , 0 , 0 , 0
464 , 0 , 1000 , 49841.8 , 0 , 0 , 0
465 , 0 , 1000 , 49575.8 , 0 , 0 , 0
466 , 0 , 1000 , 49309.2 , 0 , 0 , 0
467 , 0 , 1000 , 49042.1 , 0 , 0 , 0
468 , 0 , 1000 , 48774.5 , 0 , 0 , 0
469 , 0 , 1000 , 48506.5 , 0 , 0 , 0
470 , 0 , 1000 , 48238.2 , 0 , 0 , 0
471 , 0 , 1000 , 47969.5 , 0 , 0 , 0
472 , 0 , 1000 , 47700.7 , 0 , 0 , 0
473 , 0 , 1000 , 47431.7 , 0 , 0 , 0
474 , 0 , 1000 , 47162.6 , 0 , 0 , 0
475 , 0 , 1000 , 46893.5 , 0 , 0 , 0
476 , 0 , 1000 , 46624.4 , 0 , 0 , 0
477 , 0 , 1000 , 46355.5 , 0 , 0 , 0
478 , 0 , 1000 , 46086.7 , 0 , 0 , 0
479 , 0 , 1000 , 45818.1 , 0 , 0 , 0
480 , 0 , 1000 , 45549.9 , 0 , 0 , 0
481 , 0 , 1000 , 45282 , 0 , 0 , 0
482 , 0 , 1000 , 45014.6 , 0 , 0 , 0
483 , 0 , 1000 , 44747.6 , 0 , 0 , 0
484 , 0 , 1000 , 44481.3 , 0 , 0 , 0
485 , 0 , 1000 , 44215.5 , 0 , 0 , 0
486 , 0 , 1000 , 43950.5 , 0 , 0 , 0
487 , 0 , 1000 , 43686.2 , 0 , 0 , 0
488 , 0 , 1000 , 43422.8 , 0 , 0 , 0
489 , 0 , 1000 , 43160.2 , 0 , 0 , 0
490 , 0 , 1000 , 42898.6 , 0 , 0 , 0
491 , 0 , 1000 , 42638 , 0 , 0 , 0
492 , 0 , 1000 , 42378.5 , 0 , 0 , 0
493 , 0 , 1000 , 42120.1 , 0 , 0 , 0
494 , 0 , 1000 , 41863 , 0 , 0 , 0
495 , 0 , 1000 , 41607 , 0 , 0 , 0
496 , 0 , 1000 , 41352.4 , 0 , 0 , 0
497 , 0 , 1000 , 41099.1 , 0 , 0 , 0
498 , 0 , 1000 , 40847.3 , 0 , 0 , 0
499 , 0 , 1000 , 40596.9 , 0 , 0 , 0
500 , 0 , 1000 , 40348.1 , 0 , 0 , 0
501 , 0 , 1000 , 40100.8 , 0 , 0 , 0
502 , 0 , 1000 , 39855.1 , 0 , 0 , 0
503 , 0 , 1000 , 39611.1 , 0 , 0 , 0
504 , 0 , 1000 , 39368.9 , 0 , 0 , 0
505 , 0 , 1000 , 39128.4 , 0 , 0 , 0
506 , 0 , 1000 , 38889.7 , 0 , 0 , 0
507 , 0 , 1000 , 38652.8 , 0 , 0 , 0
508 , 0 , 1000 , 38417.9 , 0 , 0 , 0
509 , 0 , 1000 , 38184.8 , 0 , 0 , 0
510 , 0 , 1000 , 37953.8 , 0 , 0 , 0
511 , 0 , 1000 , 37724.7 , 0 , 0 , 0
512 , 0 , 1000 , 37497.7 , 0 , 0 , 0
513 , 0 , 1000 , 37272.8 , 0 , 0 , 0
514 , 0 , 1000 , 37049.9 , 0 , 0 , 0
515 , 0 , 1000 , 36829.2 , 0 , 0 , 0
516 , 0 , 1000 , 36610.6 , 0 , 0 , 0
517 , 0 , 1000 , 36394.2 , 0 , 0 , 0
518 , 0 , 1000 , 36180.1 , 0 , 0 , 0
519 , 0 , 1000 , 35968.1 , 0 , 0 , 0
520 , 0 , 1000 , 35758.4 , 0 , 0 , 0
521 , 0 , 1000 , 35551 , 0 , 0 , 0
522 , 0 , 1000 , 35345.9 , 0 , 0 , 0
523 , 0 , 1000 , 35143.1 , 0 , 0 , 0
524 , 0 , 1000 , 34942.6 , 0 , 0 , 0
525 , 0 , 1000 , 34744.4 , 0 , 0 , 0
526 , 0 , 1000 , 34548.6 , 0 , 0 , 0
527 , 0 , 1000 , 34355.1 , 0 , 0 , 0
528 , 0 , 1000 , 34164 , 0 , 0 , 0
529 , 0 , 1000 , 33975.3 , 0 , 0 , 0
530 , 0 , 1000 , 33788.9 , 0 , 0 , 0
531 , 0 , 1000 , 33604.9 , 0 , 0 , 0
532 , 0 , 1000 , 33423.3 , 0 , 0 , 0
533 , 0 , 1000 , 33244.1 , 0 , 0 , 0
534 , 0 , 1000 , 33067.2 , 0 , 0 , 0
535 , 0 , 1000 , 32892.7 , 0 , 0 , 0
536 , 0 , 1000 , 32720.6 , 0 , 0 , 0
537 , 0 , 1000 , 32550.9 , 0 , 0 , 0
538 , 0 , 1000 , 32383.5 , 0 , 0 , 0
539 , 0 , 1000 , 32218.5 , 0 , 0 , 0
540 , 0 , 1000 , 32055.9 , 0 , 0 , 0
541 , 0 , 1000 , 31895.5 , 0 , 0 , 0
542 , 0 , 1000 , 31737.5 , 0 , 0 , 0
543 , 0 , 1000 , 31581.8 , 0 , 0 , 0
544 , 0 , 1000 , 31428.4 , 0 , 0 , 0
545 , 0 , 1000 , 31277.3 , 0 , 0 , 0
546 , 0 , 1000 , 31128.4 , 0 , 0 , 0
547 , 0 , 1000 , 30981.8 , 0 , 0 , 0
548 , 0 , 1000 , 30837.4 , 0 , 0 , 0
549 , 0 , 1000 , 30695.2 , 0 , 0 , 0
550 , 0 , 1000 , 30555.2 , 0 , 0 , 0
551 , 0 , 1000 , 30417.3 , 0 , 0 , 0
552 , 0 , 1000 , 30281.6 , 0 , 0 , 0
553 , 0 , 1000 , 30148 , 0 , 0 , 0
554 , 0 , 1000 , 30016.5 , 0 , 0 , 0
555 , 0 , 1000 , 29887.1 , 0 , 0 , 0
556 , 0 , 1000 , 29759.7 , 0 , 0 , 0
557 , 0 , 1000 , 29634.3 , 0 , 0 , 0
558 , 0 , 1000 , 29510.9 , 0 , 0 , 0
559 , 0 , 1000 , 29389.4 , 0 , 0 , 0
560 , 0 , 1000 , 29269.9 , 0 , 0 , 0
561 , 0 , 1000 , 29152.2 , 0 , 0 , 0
562 , 0 , 1000 , 29036.5 , 0 , 0 , 0
563 , 0 , 1000 , 28922.5 , 0 , 0 , 0
564 , 0 , 1000 , 28810.3 , 0 , 0 , 0
565 , 0 , 1000 , 28699.9 , 0 , 0 , 0
566 , 0 , 1000 , 28591.3 , 0 , 0 , 0
567 , 0 , 1000 , 28484.3 , 0 , 0 , 0
568 , 0 , 1000 , 28379 , 0 , 0 , 0
569 , 0 , 1000 , 28275.3 , 0 , 0 , 0
570 , 0 , 1000 , 28173.2 , 0 , 0 , 0
571 , 0 , 1000 , 28072.6 , 0 , 0 , 0
572 , 0 , 1000 , 27973.6 , 0 , 0 , 0
573 , 0 , 1000 , 27876 , 0 , 0 , 0
574 , 0 , 1000 , 27779.9 , 0 , 0 , 0
575 , 0 , 1000 , 27685.3 , 0 , 0 , 0
576 , 0 , 1000 , 27591.9 , 0 , 0 , 0
577 , 0 , 1000 , 27499.9 , 0 , 0 , 0
578 , 0 , 1000 , 27409.3 , 0 , 0 , 0
579 , 0 , 1000 , 27319.8 , 0 , 0 , 0
580 , 0 , 1000 , 27231.6 , 0 , 0 , 0
581 , 0 , 1000 , 27144.6 , 0 , 0 , 0
582 , 0 , 1000 , 27058.8 , 0 , 0 , 0
583 , 0 , 1000 , 26974 , 0 , 0 , 0
584 , 0 , 1000 , 26890.4 , 0 , 0 , 0
585 , 0 , 1000 , 26807.7 , 0 , 0 , 0
586 , 0 , 1000 , 26726.1 , 0 , 0 , 0
587 , 0 , 1000 , 26645.5 , 0 , 0 , 0
588 , 0 , 1000 , 26565.8 , 0 , 0 , 0
589 , 0 , 1000 , 26486.9 , 0 , 0 , 0
590 , 0 , 1000 , 26409 , 0 , 0 , 0
591 , 0 , 1000 , 26331.9 , 0 , 0 , 0
592 , 0 , 1000 , 26255.5 , 0 , 0 , 0
593 , 0 , 1000 , 26179.9 , 0 , 0 , 0
594 , 0 , 1000 , 26105.1 , 0 , 0 , 0
595 , 0 , 1000 , 26030.9 , 0 , 0 , 0
596 , 0 , 1000 , 25957.4 , 0 , 0 , 0
597 , 0 , 1000 , 25884.5 , 0 , 0 , 0
598 , 0 , 1000 , 25812.2 , 0 , 0 , 0
599 , 0 , 1000 , 25740.5 , 0 , 0 , 0
600 , 0 , 1000 , 25669.3 , 0 , 0 , 0
601 , 0 , 1000 , 25598.6 , 0 , 0 , 0
602 , 0 , 1000 , 25528.4 , 0 , 0 , 0
603 , 0 , 1000 , 25458.6 , 0 , 0 , 0
604 , 0 , 1000 , 25389.2 , 0 , 0 , 0
605 , 0 , 1000 , 25320.2 , 0 , 0 , 0
606 , 0 , 1000 , 25251.5 , 0 , 0 , 0
607 , 0 , 1000 , 25183.2 , 0 , 0 , 0
608 , 0 , 1000 , 25115.2 , 0 , 0 , 0
609 , 0 , 1000 , 25047.4 , 0 , 0 , 0
610 , 0 , 1000 , 24979.9 , 0 , 0 , 0
611 , 0 , 1000 , 24912.6 , 0 , 0 , 0
612 , 0 , 1000 , 24845.5 , 0 , 0 , 0
613 , 0 , 1000 , 24778.5 , 0 , 0 , 0
614 , 0 , 1000 , 24711.7 , 0 , 0 , 0
615 , 0 , 1000 , 24645.1 , 0 , 0 , 0
616 , 0 , 1000 , 24578.5 , 0 , 0 , 0
617 , 0 , 1000 , 24512 , 0 , 0 , 0
618 , 0 , 1000 , 24445.6 , 0 , 0 , 0
619 , 0 , 1000 , 24379.2 , 0 , 0 , 0
620 , 0 , 1000 , 24312.8 , 0 , 0 , 0
621 , 0 , 1000 , 24246.4 , 0 , 0 , 0
622 , 0 , 1000 , 24180 , 0 , 0 , 0
623 , 0 , 1000 , 24113.6 , 0 , 0 , 0
624 , 0 , 1000 , 24047.1 , 0 , 0 , 0
625 , 0 , 1000 , 23980.5 , 0 , 0 , 0
626 , 0 , 1000 , 23913.9 , 0 , 0 , 0
627 , 0 , 1000 , 23847.1 , 0 , 0 , 0
628 , 0 , 1000 , 23780.2 , 0 , 0 , 0
629 , 0 , 1000 , 23713.2 , 0 , 0 , 0
630 , 0 , 1000 , 23646 , 0 , 0 , 0
631 , 0 , 1000 , 23578.7 , 0 , 0 , 0
632 , 0 , 1000 , 23511.2 , 0 , 0 , 0
633 , 0 , 1000 , 23443.5 , 0 , 0 , 0
634 , 0 , 1000 , 23375.6 , 0 , 0 , 0
635 , 0 , 1000 , 23307.5 , 0 , 0 , 0
636 , 0 , 1000 , 23239.2 , 0 , 0 , 0
637 , 0 , 1000 , 23170.6 , 0 , 0 , 0
638 , 0 , 1000 , 23101.8 , 0 , 0 , 0
639 , 0 , 1000 , 23032.7 , 0 , 0 , 0
640 , 0 , 1000 , 22963.4 , 0 , 0 , 0
641 , 0 , 1000 , 22893.8 , 0 , 0 , 0
642 , 0 , 1000 , 22824 , 0 , 0 , 0
643 , 0 , 1000 , 22753.8 , 0 , 0 , 0
644 , 0 , 1000 , 22683.4 , 0 , 0 , 0
645 , 0 , 1000 , 22612.6 , 0 , 0 , 0
646 , 0 , 1000 , 22541.6 , 0 , 0 , 0
647 , 0 , 1000 , 22470.2 , 0 , 0 , 0
648 , 0 , 1000 , 22398.6 , 0 , 0 , 0
649 , 0 , 1000 , 22326.6 , 0 , 0 , 0
650 , 0 , 1000 , 22254.3 , 0 , 0 , 0
651 , 0 , 1000 , 22181.7 , 0 , 0 , 0
652 , 0 , 1000 , 22108.7 , 0 , 0 , 0
653 , 0 , 1000 , 22035.4 , 0 , 0 , 0
654 , 0 , 1000 , 21961.8 , 0 , 0 , 0
655 , 0 , 1000 , 21887.9 , 0 , 0 , 0
656 , 0 , 1000 , 21813.6 , 0 , 0 , 0
657 , 0 , 1000 , 21739 , 0 , 0 , 0
658 , 0 , 1000 , 21664 , 0 , 0 , 0
659 , 0 , 1000 , 21588.7 , 0 , 0 , 0
660 , 0 , 1000 , 21513 , 0 , 0 , 0
661 , 0 , 1000 , 21437.1 , 0 , 0 , 0
662 , 0 , 1000 , 21360.7 , 0 , 0 , 0
663 , 0 , 1000 , 21284.1 , 0 , 0 , 0
664 , 0 , 1000 , 21207.1 , 0 , 0 , 0
665 , 0 , 1000 , 21129.7 , 0 , 0 , 0
666 , 0 , 1000 , 21052 , 0 , 0 , 0
667 , 0 , 1000 , 20974 , 0 , 0 , 0
668 , 0 , 1000 , 20895.7 , 0 , 0 , 0
669 , 0 , 1000 , 20817.1 , 0 , 0 , 0
670 , 0 , 1000 , 20738.1 , 0 , 0 , 0
671 , 0 , 1000 , 20658.8 , 0 , 0 , 0
672 , 0 , 1000 , 20579.1 , 0 , 0 , 0
673 , 0 , 1000 , 20499.2 , 0 , 0 , 0
674 , 0 , 1000 , 20418.9 , 0 , 0 , 0
675 , 0 , 1000 , 20338.4 , 0 , 0 , 0
676 , 0 , 1000 , 20257.5 , 0 , 0 , 0
677 , 0 , 1000 , 20176.4 , 0 , 0 , 0
678 , 0 , 1000 , 20094.9 , 0 , 0 , 0
679 , 0 , 1000 , 20013.2 , 0 , 0 , 0
680 , 0 , 1000 , 19931.2 , 0 , 0 , 0
681 , 0 , 1000 , 19848.9 , 0 , 0 , 0
682 , 0 , 1000 , 19766.3 , 0 , 0 , 0
683 , 0 , 1000 , 19683.4 , 0 , 0 , 0
684 , 0 , 1000 , 19600.3 , 0 , 0 , 0
685 , 0 , 1000 , 19517 , 0 , 0 , 0
686 , 0 , 1000 , 19433.4 , 0 , 0 , 0
687 , 0 , 1000 , 19349.5 , 0 , 0 , 0
688 , 0 , 1000 , 19265.4 , 0 , 0 , 0
689 , 0 , 1000 , 19181.1 , 0 , 0 , 0
690 , 0 , 1000 , 19096.6 , 0 , 0 , 0
691 , 0 , 1000 , 19011.8 , 0 , 0 , 0
692 , 0 , 1000 , 18926.8 , 0 , 0 , 0
693 , 0 , 1000 , 18841.7 , 0 , 0 , 0
694 , 0 , 1000 , 18756.3 , 0 , 0 , 0
695 , 0 , 1000 , 18670.7 , 0 , 0 , 0
696 , 0 , 1000 , 18585 , 0 , 0 , 0
697 , 0 , 1000 , 18499.1 , 0 , 0 , 0
698 , 0 , 1000 , 18413 , 0 , 0 , 0
699 , 0 , 1000 , 18326.7 , 0 , 0 , 0
700 , 0 , 1000 , 18240.3 , 0 , 0 , 0
701 , 0 , 1000 , 18153.8 , 0 , 0 , 0
702 , 0 , 1000 , 18067.1 , 0 , 0 , 0
703 , 0 , 1000 , 17980.2 , 0 , 0 , 0
704 , 0 , 1000 , 17893.3 , 0 , 0 , 0
705 , 0 , 1000 , 17806.2 , 0 , 0 , 0
706 , 0 , 1000 , 17719 , 0 , 0 , 0
707 , 0 , 1000 , 17631.8 , 0 , 0 , 0
708 , 0 , 1000 , 17544.4 , 0 , 0 , 0
709 , 0 , 1000 , 17456.9 , 0 , 0 , 0
710 , 0 , 1000 , 17369.4 , 0 , 0 , 0
711 , 0 , 1000 , 17281.8 , 0 , 0 , 0
712 , 0 , 1000 , 17194.1 , 0 , 0 , 0
713 , 0 , 1000 , 17106.4 , 0 , 0 , 0
714 , 0 , 1000 , 17018.6 , 0 , 0 , 0
715 , 0 , 1000 , 16930.8 , 0 , 0 , 0
716 , 0 , 1000 , 16842.9 , 0 , 0 , 0
717 , 0 , 1000 , 16755 , 0 , 0 , 0
718 , 0 , 1000 , 16667.1 , 0 , 0 , 0
719 , 0 , 1000 , 16579.2 , 0 , 0 , 0
720 , 0 , 1000 , 16491.3 , 0 , 0 , 0
721 , 0 , 1000 , 16403.3 , 0 , 0 , 0
722 , 0 , 1000 , 16315.4 , 0 , 0 , 0
723 , 0 , 1000 , 16227.5 , 0 , 0 , 0
724 , 0 , 1000 , 16139.7 , 0 , 0 , 0
725 , 0 , 1000 , 16051.8 , 0 , 0 , 0
726 , 0 , 1000 , 15964 , 0 , 0 , 0
727 , 0 , 1000 , 15876.3 , 0 , 0 , 0
728 , 0 , 1000 , 15788.6 , 0 , 0 , 0
729 , 0 , 1000 , 15701 , 0 , 0 , 0
730 , 0 , 1000 , 15613.4 , 0 , 0 , 0
731 , 0 , 1000 , 15525.9 , 0 , 0 , 0
732 , 0 , 1000 , 15438.5 , 0 , 0 , 0
733 , 0 , 1000 , 15351.1 , 0 , 0 , 0
734 , 0 , 1000 , 15263.9 , 0 , 0 , 0
735 , 0 , 1000 , 15176.7 , 0 , 0 , 0
736 , 0 , 1000 , 15089.7 , 0 , 0 , 0
737 , 0 , 1000 , 15002.7 , 0 , 0 , 0
738 , 0 , 1000 , 14915.9 , 0 , 0 , 0
739 , 0 , 1000 , 14829.2 , 0 , 0 , 0
740 , 0 , 1000 , 14742.7 , 0 , 0 , 0
741 , 0 , 1000 , 14656.2 , 0 , 0 , 0
742 , 0 , 1000 , 14569.9 , 0 , 0 , 0
743 , 0 , 1000 , 14483.8 , 0 , 0 , 0
744 , 0 , 1000 , 14397.8 , 0 , 0 , 0
745 , 0 , 1000 , 14312 , 0 , 0 , 0
746 , 0 , 1000 , 14226.3 , 0 , 0 , 0
747 , 0 , 1000 , 14140.8 , 0 , 0 , 0
748 , 0 , 1000 , 14055.4 , 0 , 0 , 0
749 , 0 , 1000 , 13970.3 , 0 , 0 , 0
750 , 0 , 1000 , 13885.3 , 0 , 0 , 0
751 , 0 , 1000 , 13800.5 , 0 , 0 , 0
752 , 0 , 1000 , 13715.9 , 0 , 0 , 0
753 , 0 , 1000 , 13631.5 , 0 , 0 , 0
754 , 0 , 1000 , 13547.3 , 0 , 0 , 0
755 , 0 , 1000 , 13463.3 , 0 , 0 , 0
756 , 0 , 1000 , 13379.5 , 0 , 0 , 0
757 , 0 , 1000 , 13295.9 , 0 , 0 , 0
758 , 0 , 1000 , 13212.5 , 0 , 0 , 0
759 , 0 , 1000 , 13129.4 , 0 , 0 , 0
760 , 0 , 1000 , 13046.4 , 0 , 0 , 0
761 , 0 , 1000 , 12963.7 , 0 , 0 , 0
762 , 0 , 1000 , 12881.3 , 0 , 0 , 0
763 , 0 , 1000 , 12799 , 0 , 0 , 0
764 , 0 , 1000 , 12717 , 0 , 0 , 0
765 , 0 , 1000 , 12635.3 , 0 , 0 , 0
766 , 0 , 1000 , 12553.7 , 0 , 0 , 0
767 , 0 , 1000 , 12472.5 , 0 , 0 , 0
768 , 0 , 1000 , 12391.4 , 0 , 0 , 0
769 , 0 , 1000 , 12310.7 , 0 , 0 , 0
770 , 0 , 1000 , 12230.1 , 0 , 0 , 0
771 , 0 , 1000 , 12149.9 , 0 , 0 , 0
772 , 0 , 1000 , 12069.9 , 0 , 0 , 0
773 , 0 , 1000 , 11990.1 , 0 , 0 , 0
774 , 0 , 1000 , 11910.6 , 0 , 0 , 0
775 , 0 , 1000 , 11831.4 , 0 , 0 , 0
776 , 0 , 1000 , 11752.5 , 0 , 0 , 0
777 , 0 , 1000 , 11673.8 , 0 , 0 , 0
778 , 0 , 1000 , 11595.3 , 0 , 0 , 0
779 , 0 , 1000 , 11517.2 , 0 , 0 , 0
780 , 0 , 1000 , 11439.3 , 0 , 0 , 0
781 , 0 , 1000 , 11361.7 , 0 , 0 , 0
782 , 0 , 1000 , 11284.4 , 0 , 0 , 0
783 , 0 , 1000 , 11207.4 , 0 , 0 , 0
784 , 0 , 1000 , 11130.6 , 0 , 0 , 0
785 , 0 , 1000 , 11054.1 , 0 , 0 , 0
786 , 0 , 1000 , 10977.9 , 0 , 0 , 0
787 , 0 , 1000 , 10902 , 0 , 0 , 0
788 , 0 , 1000 , 10826.3 , 0 , 0 , 0
789 , 0 , 1000 , 10750.9 , 0 , 0 , 0
790 , 0 , 1000 , 10675.9 , 0 , 0 , 0
791 , 0 , 1000 , 10601.1 , 0 , 0 , 0
792 , 0 , 1000 , 10526.6 , 0 , 0 , 0
793 , 0 , 1000 , 10452.3 , 0 , 0 , 0
794 , 0 , 1000 , 10378.4 , 0 , 0 , 0
795 , 0 , 1000 , 10304.7 , 0 , 0 , 0
796 , 0 , 1000 , 10231.3 , 0 , 0 , 0
797 , 0 , 1000 , 10158.3 , 0 , 0 , 0
798 , 0 , 1000 , 10085.5 , 0 , 0 , 0
799 , 0 , 1000 , 10012.9 , 0 , 0 , 0
800 , 0 , 1000 , 9940.71 , 0 , 0 , 0
801 , 0 , 1000 , 9868.77 , 0 , 0 , 0
802 , 0 , 1000 , 9797.12 , 0 , 0 , 0
803 , 0 , 1000 , 9725.74 , 0 , 0 , 0
804 , 0 , 1000 , 9654.66 , 0 , 0 , 0
805 , 0 , 1000 , 9583.86 , 0 , 0 , 0
806 , 0 , 1000 , 9513.35 , 0 , 0 , 0
807 , 0 , 1000 , 9443.12 , 0 , 0 , 0
808 , 0 , 1000 , 9373.18 , 0 , 0 , 0
809 , 0 , 1000 , 9303.52 , 0 , 0 , 0
810 , 0 , 1000 , 9234.14 , 0 , 0 , 0
811 , 0 , 1000 , 9165.05 , 0 , 0 , 0
812 , 0 , 1000 , 9096.25 , 0 , 0 , 0
813 , 0 , 1000 , 9027.72 , 0 , 0 , 0
814 , 0 , 1000 , 8959.48 , 0 , 0 , 0
815 , 0 , 1000 , 8891.53 , 0 , 0 , 0
816 , 0 , 1000 , 8823.85 , 0 , 0 , 0
817 , 0 , 1000 , 8756.45 , 0 , 0 , 0
818 , 0 , 1000 , 8689.34 , 0 , 0 , 0
819 , 0 , 1000 , 8622.51 , 0 , 0 , 0
820 , 0 , 1000 , 8555.96 , 0 , 0 , 0
821 , 0 , 1000 , 8489.68 , 0 , 0 , 0
822 , 0 , 1000 , 8423.69 , 0 , 0 , 0
823 , 0 , 1000 , 8357.97 , 0 , 0 , 0
824 , 0 , 1000 , 8292.54 , 0 , 0 , 0
825 , 0 , 1000 , 8227.38 , 0 , 0 , 0
826 , 0 , 1000 , 8162.49 , 0 , 0 , 0
827 , 0 , 1000 , 8097.88 , 0 , 0 , 0
828 , 0 , 1000 , 8033.55 , 0 , 0 , 0
829 , 0 , 1000 , 7969.5 , 0 , 0 , 0
830 , 0 , 1000 , 7905.72 , 0 , 0 , 0
831 , 0 , 1000 , 7842.21 , 0 , 0 , 0
832 , 0 , 1000 , 7778.98 , 0 , 0 , 0
833 , 0 , 1000 , 7716.02 , 0 , 0 , 0
834 , 0 , 1000 , 7653.33 , 0 , 0 , 0
835 , 0 , 1000 , 7590.92 , 0 , 0 , 0
836 , 0 , 1000 , 7528.78 , 0 , 0 , 0
837 , 0 , 1000 , 7466.91 , 0 , 0 , 0
838 , 0 , 1000 , 7405.31 , 0 , 0 , 0
839 , 0 , 1000 , 7343.98 , 0 , 0 , 0
840 , 0 , 1000 , 7282.93 , 0 , 0 , 0
841 , 0 , 1000 , 7222.15 , 0 , 0 , 0
842 , 0 , 1000 , 7161.63 , 0 , 0 , 0
843 , 0 , 1000 , 7101.39 , 0 , 0 , 0
844 , 0 , 1000 , 7041.42 , 0 , 0 , 0
845 , 0 , 1000 , 6981.72 , 0 , 0 , 0
846 , 0 , 1000 , 6922.29 , 0 , 0 , 0
847 , 0 , 1000 , 6863.13 , 0 , 0 , 0
848 , 0 , 1000 , 6804.24 , 0 , 0 , 0
849 , 0 , 1000 , 6745.62 , 0 , 0 , 0
850 , 0 , 1000 , 6687.27 , 0 , 0 , 0
851 , 0 , 1000 , 6629.19 , 0 , 0 , 0
852 , 0 , 1000 , 6571.38 , 0 , 0 , 0
853 , 0 , 1000 , 6513.84 , 0 , 0 , 0
854 , 0 , 1000 , 6456.57 , 0 , 0 , 0
855 , 0 , 1000 , 6399.57 , 0 , 0 , 0
856 , 0 , 1000 , 6342.84 , 0 , 0 , 0
857 , 0 , 1000 , 6286.39 , 0 , 0 , 0
858 , 0 , 1000 , 6230.2 , 0 , 0 , 0
859 , 0 , 1000 , 6174.28 , 0 , 0 , 0
860 , 0 , 1000 , 6118.64 , 0 , 0 , 0
861 , 0 , 1000 , 6063.26 , 0 , 0 , 0
862 , 0 , 1000 , 6008.16 , 0 , 0 , 0
863 , 0 , 1000 , 5953.32 , 0 , 0 , 0
864 , 0 , 1000 , 5898.76 , 0 , 0 , 0
865 , 0 , 1000 , 5844.48 , 0 , 0 , 0
866 , 0 , 1000 , 5790.46 , 0 , 0 , 0
867 , 0 , 1000 , 5736.72 , 0 , 0 , 0
868 , 0 , 1000 , 5683.24 , 0 , 0 , 0
869 , 0 , 1000 , 5630.05 , 0 , 0 , 0
870 , 0 , 1000 , 5577.12 , 0 , 0 , 0
871 , 0 , 1000 , 5524.47 , 0 , 0 , 0
872 , 0 , 1000 , 5472.1 , 0 , 0 , 0
873 , 0 , 1000 , 5419.99 , 0 , 0 , 0
874 , 0 , 1000 , 5368.17 , 0 , 0 , 0
875 , 0 , 1000 , 5316.62 , 0 , 0 , 0
876 , 0 , 1000 , 5265.35 , 0 , 0 , 0
877 , 0 , 1000 , 5214.35 , 0 , 0 , 0
878 , 0 , 1000 , 5163.63 , 0 , 0 , 0
879 , 0 , 1000 , 5113.19 , 0 , 0 , 0
880 , 0 , 1000 , 5063.04 , 0 , 0 , 0
881 , 0 , 1000 , 5013.16 , 0 , 0 , 0
882 , 0 , 1000 , 4963.56 , 0 , 0 , 0
883 , 0 , 1000 , 4914.25 , 0 , 0 , 0
884 , 0 , 1000 , 4865.23 , 0 , 0 , 0
885 , 0 , 1000 , 4816.48 , 0 , 0 , 0
886 , 0 , 1000 , 4768.03 , 0 , 0 , 0
887 , 0 , 1000 , 4719.86 , 0 , 0 , 0
888 , 0 , 1000 , 4671.98 , 0 , 0 , 0
889 , 0 , 1000 , 4624.39 , 0 , 0 , 0
890 , 0 , 1000 , 4577.1 , 0 , 0 , 0
891 , 0 , 1000 , 4530.09 , 0 , 0 , 0
892 , 0 , 1000 , 4483.38 , 0 , 0 , 0
893 , 0 , 1000 , 4436.97 , 0 , 0 , 0
894 , 0 , 1000 , 4390.86 , 0 , 0 , 0
895 , 0 , 1000 , 4345.05 , 0 , 0 , 0
896 , 0 , 1000 , 4299.53 , 0 , 0 , 0
897 , 0 , 1000 , 4254.32 , 0 , 0 , 0
898 , 0 , 1000 , 4209.42 , 0 , 0 , 0
899 , 0 , 1000 , 4164.82 , 0 , 0 , 0
900 , 0 , 1000 , 4120.53 , 0 , 0 , 0
901 , 0 , 1000 , 4076.55 , 0 , 0 , 0
902 , 0 , 1000 , 4032.89 , 0 , 0 , 0
903 , 0 , 1000 , 3989.53 , 0 , 0 , 0
904 , 0 , 1000 , 3946.49 , 0 , 0 , 0
905 , 0 , 1000 , 3903.76 , 0 , 0 , 0
906 , 0 , 1000 , 3861.35 , 0 , 0 , 0
907 , 0 , 1000 , 3819.26 , 0 , 0 , 0
908 , 0 , 1000 , 3777.49 , 0 , 0 , 0
909 , 0 , 1000 , 3736.03 , 0 , 0 , 0
910 , 0 , 1000 , 3694.9 , 0 , 0 , 0
911 , 0 , 1000 , 3654.09 , 0 , 0 , 0
912 , 0 , 1000 , 3613.6 , 0 , 0 , 0
913 , 0 , 1000 , 3573.44 , 0 , 0 , 0
914 , 0 , 1000 , 3533.6 , 0 , 0 , 0
915 , 0 , 1000 , 3494.09 , 0 , 0 , 0
916 , 0 , 1000 , 3454.9 , 0 , 0 , 0
917 , 0 , 1000 , 3416.04 , 0 , 0 , 0
918 , 0 , 1000 , 3377.51 , 0 , 0 , 0
919 , 0 , 1000 , 3339.31 , 0 , 0 , 0
920 , 0 , 1000 , 3301.43 , 0 , 0 , 0
921 , 0 , 1000 , 3263.89 , 0 , 0 , 0
922 , 0 , 1000 , 3226.67 , 0 , 0 , 0
923 , 0 , 1000 , 3189.79 , 0 , 0 , 0
924 , 0 , 1000 , 3153.23 , 0 , 0 , 0
925 , 0 , 1000 , 3117 , 0 , 0 , 0
926 , 0 , 1000 , 3081.11 , 0 , 0 , 0
927 , 0 , 1000 , 3045.54 , 0 , 0 , 0
928 , 0 , 1000 , 3010.31 , 0 , 0 , 0
929 , 0 , 1000 , 2975.41 , 0 , 0 , 0
930 , 0 , 1000 , 2940.83 , 0 , 0 , 0
931 , 0 , 1000 , 2906.59 , 0 , 0 , 0
932 , 0 , 1000 , 2872.68 , 0 , 0 , 0
933 , 0 , 1000 , 2839.1 , 0 , 0 , 0
934 , 0 , 1000 , 2805.85 , 0 , 0 , 0
935 , 0 , 1000 , 2772.93 , 0 , 0 , 0
936 , 0 , 1000 , 2740.34 , 0 , 0 , 0
937 , 0 , 1000 , 2708.08 , 0 , 0 , 0
938 , 0 , 1000 , 2676.15 , 0 , 0 , 0
939 , 0 , 1000 , 2644.55 , 0 , 0 , 0
940 , 0 , 1000 , 2613.27 , 0 , 0 , 0
941 , 0 , 1000 , 2582.32 , 0 , 0 , 0
942 , 0 , 1000 , 2551.7 , 0 , 0 , 0
943 , 0 , 1000 , 2521.4 , 0 , 0 , 0
944 , 0 , 1000 , 2491.42 , 0 , 0 , 0
945 , 0 , 1000 , 2461.77 , 0 , 0 , 0
946 , 0 , 1000 , 2432.43 , 0 , 0 , 0
947 , 0 , 1000 , 2403.42 , 0 , 0 , 0
948 , 0 , 1000 , 2374.72 , 0 , 0 , 0
949 , 0 , 1000 , 2346.34 , 0 , 0 , 0
950 , 0 , 1000 , 2318.28 , 0 , 0 , 0
951 , 0 , 1000 , 2290.53 , 0 , 0 , 0
952 , 0 , 1000 , 2263.1 , 0 , 0 , 0
953 , 0 , 1000 , 2235.97 , 0 , 0 , 0
954 , 0 , 1000 , 2209.16 , 0 , 0 , 0
955 , 0 , 1000 , 2182.66 , 0 , 0 , 0
956 , 0 , 1000 , 2156.46 , 0 , 0 , 0
957 , 0 , 1000 , 2130.57 , 0 , 0 , 0
958 , 0 , 1000 , 2104.98 , 0 , 0 , 0
959 , 0 , 1000 , 2079.7 , 0 , 0 , 0
960 , 0 , 1000 , 2054.71 , 0 , 0 , 0
961 , 0 , 1000 , 2030.01 , 0 , 0 , 0
962 , 0 , 1000 , 2005.6 , 0 , 0 , 0
963 , 0 , 1000 , 1981.47 , 0 , 0 , 0
964 , 0 , 1000 , 1957.63 , 0 , 0 , 0
965 , 0 , 1000 , 1934.06 , 0 , 0 , 0
966 , 0 , 1000 , 1910.77 , 0 , 0 , 0
967 , 0 , 1000 , 1887.74 , 0 , 0 , 0
968 , 0 , 1000 , 1864.99 , 0 , 0 , 0
969 , 0 , 1000 , 1842.5 , 0 , 0 , 0
970 , 0 , 1000 , 1820.27 , 0 , 0 , 0
971 , 0 , 1000 , 1798.3 , 0 , 0 , 0
972 , 0 , 1000 , 1776.59 , 0 , 0 , 0
973 , 0 , 1000 , 1755.14 , 0 , 0 , 0
974 , 0 , 1000 , 1733.94 , 0 , 0 , 0
975 , 0 , 1000 , 1712.99 , 0 , 0 , 0
976 , 0 , 1000 , 1692.29 , 0 , 0 , 0
977 , 0 , 1000 , 1671.83 , 0 , 0 , 0
978 , 0 , 1000 , 1651.62 , 0 , 0 , 0
979 , 0 , 1000 , 1631.65 , 0 , 0 , 0
980 , 0 , 1000 , 1611.93 , 0 , 0 , 0
981 , 0 , 1000 , 1592.44 , 0 , 0 , 0
982 , 0 , 1000 , 1573.19 , 0 , 0 , 0
983 , 0 , 1000 , 1554.17 , 0 , 0 , 0
984 , 0 , 1000 , 1535.38 , 0 , 0 , 0
985 , 0 , 1000 , 1516.83 , 0 , 0 , 0
986 , 0 , 1000 , 1498.5 , 0 , 0 , 0
987 , 0 , 1000 , 1480.4 , 0 , 0 , 0
988 , 0 , 1000 , 1462.53 , 0 , 0 , 0
989 , 0 , 1000 , 1444.88 , 0 , 0 , 0
990 , 0 , 1000 , 1427.45 , 0 , 0 , 0
991 , 0 , 1000 , 1410.24 , 0 , 0 , 0
992 , 0 , 1000 , 1393.24 , 0 , 0 , 0
993 , 0 , 1000 , 1376.46 , 0 , 0 , 0
994 , 0 , 1000 , 1359.89 , 0 , 0 , 0
995 , 0 , 1000 , 1343.53 , 0 , 0 , 0
996 , 0 , 1000 , 1327.37 , 0 , 0 , 0
997 , 0 , 1000 , 1311.42 , 0 , 0 , 0
998 , 0 , 1000 , 1295.67 , 0 , 0 , 0
999 , 0 , 1000 , 1280.12 , 0 , 0 , 0
1000 , 0 , 1000 , 1264.76 , 0 , 0 , 0
1001 , 0 , 1000 , 1249.6 , 0 , 0 , 0
1002 , 0 , 1000 , 1234.64 , 0 , 0 , 0
1003 , 0 , 1000 , 1219.86 , 0 , 0 , 0
1004 , 0 , 1000 , 1205.27 , 0 , 0 , 0
1005 , 0 , 1000 , 1190.86 , 0 , 0 , 0
1006 , 0 , 1000 , 1176.64 , 0 , 0 , 0
1007 , 0 , 1000 , 1162.6 , 0 , 0 , 0
1008 , 0 , 1000 , 1148.74 , 0 , 0 , 0
1009 , 0 , 1000 , 1135.05 , 0 , 0 , 0
1010 , 0 , 1000 , 1121.54 , 0 , 0 , 0
1011 , 0 , 1000 , 1108.21 , 0 , 0 , 0
1012 , 0 , 1000 , 1095.04 , 0 , 0 , 0
1013 , 0 , 1000 , 1082.04 , 0 , 0 , 0
1014 , 0 , 1000 , 1069.21 , 0 , 0 , 0
1015 , 0 , 1000 , 1056.55 , 0 , 0 , 0
1016 , 0 , 1000 , 1044.04 , 0 , 0 , 0
1017 , 0 , 1000 , 1031.7 , 0 , 0 , 0
1018 , 0 , 1000 , 1019.52 , 0 , 0 , 0
1019 , 0 , 1000 , 1007.49 , 0 , 0 , 0
1020 , 0 , 1000 , 995.624 , 0 , 0 , 0
1021 , 0 , 1000 , 983.908 , 0 , 0 , 0
1022 , 0 , 1000 , 972.345 , 0 , 0 , 0
1023 , 0 , 1000 , 960.933 , 0 , 0 , 0
1024 , 0 , 1000 , 949.669 , 0 , 0 , 0
1025 , 0 , 1000 , 938.553 , 0 , 0 , 0
1026 , 0 , 1000 , 927.582 , 0 , 0 , 0
1027 , 0 , 1000 , 916.755 , 0 , 0 , 0
1028 , 0 , 1000 , 906.07 , 0 , 0 , 0
1029 , 0 , 1000 , 895.526 , 0 , 0 , 0
1030 , 0 , 1000 , 885.12 , 0 , 0 , 0
1031 , 0 , 1000 , 874.851 , 0 , 0 , 0
1032 , 0 , 1000 , 864.717 , 0 , 0 , 0
1033 , 0 , 1000 , 854.717 , 0 , 0 , 0
1034 , 0 , 1000 , 844.849 , 0 , 0 , 0
1035 , 0 , 1000 , 835.112 , 0 , 0 , 0
1036 , 0 , 1000 , 825.503 , 0 , 0 , 0
1037 , 0 , 1000 , 816.02 , 0 , 0 , 0
1038 , 0 , 1000 , 806.664 , 0 , 0 , 0
1039 , 0 , 1000 , 797.431 , 0 , 0 , 0
1040 , 0 , 1000 , 788.32 , 0 , 0 , 0
1041 , 0 , 1000 , 779.33 , 0 , 0 , 0
1042 , 0 , 1000 , 770.458 , 0 , 0 , 0
1043 , 0 , 1000 , 761.704 , 0 , 0 , 0
1044 , 0 , 1000 , 753.066 , 0 , 0 , 0
1045 , 0 , 1000 , 744.543 , 0 , 0 , 0
1046 , 0 , 1000 , 736.132 , 0 , 0 , 0
1047 , 0 , 1000 , 727.832 , 0 , 0 , 0
1048 , 0 , 1000 , 719.643 , 0 , 0 , 0
1049 , 0 , 1000 , 711.562 , 0 , 0 , 0
1050 , 0 , 1000 , 703.588 , 0 , 0 , 0
1051 , 0 , 1000 , 695.72 , 0 , 0 , 0
1052 , 0 , 1000 , 687.956 , 0 , 0 , 0
1053 , 0 , 1000 , 680.294 , 0 , 0 , 0
1054 , 0 , 1000 , 672.735 , 0 , 0 , 0
1055 , 0 , 1000 , 665.276 , 0 , 0 , 0
1056 , 0 , 1000 , 657.915 , 0 , 0 , 0
1057 , 0 , 1000 , 650.652 , 0 , 0 , 0
1058 , 0 , 1000 , 643.486 , 0 , 0 , 0
1059 , 0 , 1000 , 636.415 , 0 , 0 , 0
1060 , 0 , 1000 , 629.437 , 0 , 0 , 0
1061 , 0 , 1000 , 622.553 , 0 , 0 , 0
1062 , 0 , 1000 , 615.759 , 0 , 0 , 0
1063 , 0 , 1000 , 609.056 , 0 , 0 , 0
1064 , 0 , 1000 , 602.442 , 0 , 0 , 0
1065 , 0 , 1000 , 595.916 , 0 , 0 , 0
1066 , 0 , 1000 , 589.477 , 0 , 0 , 0
1067 , 0 , 1000 , 583.124 , 0 , 0 , 0
1068 , 0 , 1000 , 576.855 , 0 , 0 , 0
1069 , 0 , 1000 , 570.669 , 0 , 0 , 0
1070 , 0 , 1000 , 564.566 , 0 , 0 , 0
1071 , 0 , 1000 , 558.544 , 0 , 0 , 0
1072 , 0 , 1000 , 552.603 , 0 , 0 , 0
1073 , 0 , 1000 , 546.741 , 0 , 0 , 0
1074 , 0 , 1000 , 540.957 , 0 , 0 , 0
1075 , 0 , 1000 , 535.25 , 0 , 0 , 0
1076 , 0 , 1000 , 529.619 , 0 , 0 , 0
1077 , 0 , 1000 , 524.064 , 0 , 0 , 0
1078 , 0 , 1000 , 518.582 , 0 , 0 , 0
1079 , 0 , 1000 , 513.174 , 0 , 0 , 0
1080 , 0 , 1000 , 507.838 , 0 , 0 , 0
1081 , 0 , 1000 , 502.573 , 0 , 0 , 0
1082 , 0 , 1000 , 497.378 , 0 , 0 , 0
1083 , 0 , 1000 , 492.253 , 0 , 0 , 0
1084 , 0 , 1000 , 487.196 , 0 , 0 , 0
1085 , 0 , 1000 , 482.206 , 0 , 0 , 0
1086 , 0 , 1000 , 477.284 , 0 , 0 , 0
1087 , 0 , 1000 , 472.426 , 0 , 0 , 0
1088 , 0 , 1000 , 467.634 , 0 , 0 , 0
1089 , 0 , 1000 , 462.905 , 0 , 0 , 0
1090 , 0 , 1000 , 458.24 , 0 , 0 , 0
1091 , 0 , 1000 , 453.637 , 0 , 0 , 0
1092 , 0 , 1000 , 449.095 , 0 , 0 , 0
1093 , 0 , 1000 , 444.614 , 0 , 0 , 0
1094 , 0 , 1000 , 440.193 , 0 , 0 , 0
1095 , 0 , 1000 , 435.83 , 0 , 0 , 0
1096 , 0 , 1000 , 431.526 , 0 , 0 , 0
1097 , 0 , 1000 , 427.279 , 0 , 0 , 0
1098 , 0 , 1000 , 423.089 , 0 , 0 , 0
1099 , 0 , 1000 , 418.955 , 0 , 0 , 0
1100 , 0 , 1000 , 414.876 , 0 , 0 , 0
1101 , 0 , 1000 , 410.851 , 0 , 0 , 0
1102 , 0 , 1000 , 406.881 , 0 , 0 , 0
1103 , 0 , 1000 , 402.963 , 0 , 0 , 0
1104 , 0 , 1000 , 399.098 , 0 , 0 , 0
1105 , 0 , 1000 , 395.284 , 0 , 0 , 0
1106 , 0 , 1000 , 391.522 , 0 , 0 , 0
1107 , 0 , 1000 , 387.81 , 0 , 0 , 0
1108 , 0 , 1000 , 384.148 , 0 , 0 , 0
1109 , 0 , 1000 , 380.534 , 0 , 0 , 0
1110 , 0 , 1000 , 376.97 , 0 , 0 , 0
1111 , 0 , 1000 , 373.453 , 0 , 0 , 0
1112 , 0 , 1000 , 369.984 , 0 , 0 , 0
1113 , 0 , 1000 , 366.561 , 0 , 0 , 0
1114 , 0 , 1000 , 363.184 , 0 , 0 , 0
1115 , 0 , 1000 , 359.853 , 0 , 0 , 0
1116 , 0 , 1000 , 356.566 , 0 , 0 , 0
1117 , 0 , 1000 , 353.325 , 0 , 0 , 0
1118 , 0 , 1000 , 350.126 , 0 , 0 , 0
1119 , 0 , 1000 , 346.972 , 0 , 0 , 0
1120 , 0 , 1000 , 343.86 , 0 , 0 , 0
1121 , 0 , 1000 , 340.79 , 0 , 0 , 0
1122 , 0 , 1000 , 337.762 , 0 , 0 , 0
1123 , 0 , 1000 , 334.775 , 0 , 0 , 0
1124 , 0 , 1000 , 331.828 , 0 , 0 , 0
1125 , 0 , 1000 , 328.922 , 0 , 0 , 0
1126 , 0 , 1000 , 326.055 , 0 , 0 , 0
1127 , 0 , 1000 , 323.228 , 0 , 0 , 0
1128 , 0 , 1000 , 320.439 , 0 , 0 , 0
1129 , 0 , 1000 , 317.689 , 0 , 0 , 0
1130 , 0 , 1000 , 314.976 , 0 , 0 , 0
1131 , 0 , 1000 , 312.3 , 0 , 0 , 0
1132 , 0 , 1000 , 309.662 , 0 , 0 , 0
1133 , 0 , 1000 , 307.059 , 0 , 0 , 0
1134 , 0 , 1000 , 304.492 , 0 , 0 , 0
1135 , 0 , 1000 , 301.961 , 0 , 0 , 0
1136 , 0 , 1000 , 299.465 , 0 , 0 , 0
1137 , 0 , 1000 , 297.003 , 0 , 0 , 0
1138 , 0 , 1000 , 294.576 , 0 , 0 , 0
1139 , 0 , 1000 , 292.182 , 0 , 0 , 0
1140 , 0 , 1000 , 289.821 , 0 , 0 , 0
1141 , 0 , 1000 , 287.494 , 0 , 0 , 0
1142 , 0 , 1000 , 285.198 , 0 , 0 , 0
1143 , 0 , 1000 , 282.935 , 0 , 0 , 0
1144 , 0 , 1000 , 280.703 , 0 , 0 , 0
1145 , 0 , 1000 , 278.503 , 0 , 0 , 0
1146 , 0 , 1000 , 276.333 , 0 , 0 , 0
1147 , 0 , 1000 , 274.194 , 0 , 0 , 0
1148 , 0 , 1000 , 272.085 , 0 , 0 , 0
1149 , 0 , 1000 , 270.005 , 0 , 0 , 0
1150 , 0 , 1000 , 267.955 , 0 , 0 , 0
1151 , 0 , 1000 , 265.934 , 0 , 0 , 0
1152 , 0 , 1000 , 263.941 , 0 , 0 , 0
1153 , 0 , 1000 , 261.976 , 0 , 0 , 0
1154 , 0 , 1000 , 260.039 , 0 , 0 , 0
1155 , 0 , 1000 , 258.13 , 0 , 0 , 0
1156 , 0 , 1000 , 256.248 , 0 , 0 , 0
1157 , 0 , 1000 , 254.392 , 0 , 0 , 0
1158 , 0 , 1000 , 252.563 , 0 , 0 , 0
1159 , 0 , 1000 , 250.76 , 0 , 0 , 0
1160 , 0 , 1000 , 248.982 , 0 , 0 , 0
1161 , 0 , 1000 , 247.23 , 0 , 0 , 0
1162 , 0 , 1000 , 245.503 , 0 , 0 , 0
1163 , 0 , 1000 , 243.801 , 0 , 0 , 0
1164 , 0 , 1000 , 242.123 , 0 , 0 , 0
1165 , 0 , 1000 , 240.469 , 0 , 0 , 0
1166 , 0 , 1000 , 238.839 , 0 , 0 , 0
1167 , 0 , 1000 , 237.232 , 0 , 0 , 0
1168 , 0 , 1000 , 235.648 , 0 , 0 , 0
1169 , 0 , 1000 , 234.087 , 0 , 0 , 0
1170 , 0 , 1000 , 232.548 , 0 , 0 , 0
1171 , 0 , 1000 , 231.032 , 0 , 0 , 0
1172 , 0 , 1000 , 229.537 , 0 , 0 , 0
1173 , 0 , 1000 , 228.064 , 0 , 0 , 0
1174 , 0 , 1000 , 226.612 , 0 , 0 , 0
1175 , 0 , 1000 , 225.181 , 0 , 0 , 0
1176 , 0 , 1000 , 223.771 , 0 , 0 , 0
1177 , 0 , 1000 , 222.381 , 0 , 0 , 0
1178 , 0 , 1000 , 221.011 , 0 , 0 , 0
1179 , 0 , 1000 , 219.661 , 0 , 0 , 0
1180 , 0 , 1000 , 218.33 , 0 , 0 , 0
1181 , 0 , 1000 , 217.019 , 0 , 0 , 0
1182 , 0 , 1000 , 215.726 , 0 , 0 , 0
1183 , 0 , 1000 , 214.453 , 0 , 0 , 0
1184 , 0 , 1000 , 213.197 , 0 , 0 , 0
1185 , 0 , 1000 , 211.96 , 0 , 0 , 0
1186 , 0 , 1000 , 210.741 , 0 , 0 , 0
1187 , 0 , 1000 , 209.539 , 0 , 0 , 0
1188 , 0 , 1000 , 208.355 , 0 , 0 , 0
1189 , 0 , 1000 , 207.188 , 0 , 0 , 0
1190 , 0 , 1000 , 206.038 , 0 , 0 , 0
1191 , 0 , 1000 , 204.904 , 0 , 0 , 0
1192 , 0 , 1000 , 203.787 , 0 , 0 , 0
1193 , 0 , 1000 , 202.686 , 0 , 0 , 0
1194 , 0 , 1000 , 201.601 , 0 , 0 , 0
1195 , 0 , 1000 , 200.531 , 0 , 0 , 0
1196 , 0 , 1000 , 199.477 , 0 , 0 , 0
1197 , 0 , 1000 , 198.438 , 0 , 0 , 0
1198 , 0 , 1000 , 197.414 , 0 , 0 , 0
1199 , 0 , 1000 , 196.405 , 0 , 0 , 0
1200 , 0 , 1000 , 195.411 , 0 , 0 , 0
1201 , 0 , 1000 , 194.431 , 0 , 0 , 0
1202 , 0 , 1000 , 193.465 , 0 , 0 , 0
1203 , 0 , 1000 , 192.512 , 0 , 0 , 0
1204 , 0 , 1000 , 191.574 , 0 , 0 , 0
1205 , 0 , 1000 , 190.649 , 0 , 0 , 0
1206 , 0 , 1000 , 189.738 , 0 , 0 , 0
1207 , 0 , 1000 , 188.84 , 0 , 0 , 0
1208 , 0 , 1000 , 187.955 , 0 , 0 , 0
1209 , 0 , 1000 , 187.082 , 0 , 0 , 0
1210 , 0 , 1000 , 186.222 , 0 , 0 , 0
1211 , 0 , 1000 , 185.375 , 0 , 0 , 0
1212 , 0 , 1000 , 184.539 , 0 , 0 , 0
1213 , 0 , 1000 , 183.716 , 0 , 0 , 0
1214 , 0 , 1000 , 182.905 , 0 , 0 , 0
1215 , 0 , 1000 , 182.105 , 0 , 0 , 0
1216 , 0 , 1000 , 181.317 , 0 , 0 , 0
1217 , 0 , 1000 , 180.54 , 0 , 0 , 0
1218 , 0 , 1000 , 179.775 , 0 , 0 , 0
1219 , 0 , 1000 , 179.02 , 0 , 0 , 0
1220 , 0 , 1000 , 178.276 , 0 , 0 , 0
1221 , 0 , 1000 , 177.543 , 0 , 0 , 0
1222 , 0 , 1000 , 176.821 , 0 , 0 , 0
1223 , 0 , 1000 , 176.109 , 0 , 0 , 0
1224 , 0 , 1000 , 175.407 , 0 , 0 , 0
1225 , 0 , 1000 , 174.715 , 0 , 0 , 0
1226 , 0 , 1000 , 174.033 , 0 , 0 , 0
1227 , 0 , 1000 , 173.361 , 0 , 0 , 0
1228 , 0 , 1000 , 172.699 , 0 , 0 , 0
1229 , 0 , 1000 , 172.046 , 0 , 0 , 0
1230 , 0 , 1000 , 171.402 , 0 , 0 , 0
1231 , 0 , 1000 , 170.768 , 0 , 0 , 0
1232 , 0 , 1000 , 170.143 , 0 , 0 , 0
1233 , 0 , 1000 , 169.527 , 0 , 0 , 0
1234 , 0 , 1000 , 168.919 , 0 , 0 , 0
1235 , 0 , 1000 , 168.321 , 0 , 0 , 0
1236 , 0 , 1000 , 167.73 , 0 , 0 , 0
1237 , 0 , 1000 , 167.149 , 0 , 0 , 0
1238 , 0 , 1000 , 166.576 , 0 , 0 , 0
1239 , 0 , 1000 , 166.011 , 0 , 0 , 0
1240 , 0 , 1000 , 165.454 , 0 , 0 , 0
1241 , 0 , 1000 , 164.905 , 0 , 0 , 0
1242 , 0 , 1000 , 164.364 , 0 , 0 , 0
1243 , 0 , 1000 , 163.831 , 0 , 0 , 0
1244 , 0 , 1000 , 163.306 , 0 , 0 , 0
1245 , 0 , 1000 , 162.788 , 0 , 0 , 0
1246 , 0 , 1000 , 162.277 , 0 , 0 , 0
1247 , 0 , 1000 , 161.774 , 0 , 0 , 0
1248 , 0 , 1000 , 161.279 , 0 , 0 , 0
1249 , 0 , 1000 , 160.79 , 0 , 0 , 0
1250 , 0 , 1000 , 160.309 , 0 , 0 , 0
1251 , 0 , 1000 , 159.834 , 0 , 0 , 0
1252 , 0 , 1000 , 159.367 , 0 , 0 , 0
1253 , 0 , 1000 , 158.906 , 0 , 0 , 0
1254 , 0 , 1000 , 158.452 , 0 , 0 , 0
1255 , 0 , 1000 , 158.005 , 0 , 0 , 0
1256 , 0 , 1000 , 157.564 , 0 , 0 , 0
1257 , 0 , 1000 , 157.129 , 0 , 0 , 0
1258 , 0 , 1000 , 156.701 , 0 , 0 , 0
1259 , 0 , 1000 , 156.28 , 0 , 0 , 0
1260 , 0 , 1000 , 155.864 , 0 , 0 , 0
1261 , 0 , 1000 , 155.455 , 0 , 0 , 0
1262 , 0 , 1000 , 155.051 , 0 , 0 , 0
1263 , 0 , 1000 , 154.654 , 0 , 0 , 0
1264 , 0 , 1000 , 154.262 , 0 , 0 , 0
1265 , 0 , 1000 , 153.876 , 0 , 0 , 0
1266 , 0 , 1000 , 153.496 , 0 , 0 , 0
1267 , 0 , 1000 , 153.122 , 0 , 0 , 0
1268 , 0 , 1000 , 152.753 , 0 , 0 , 0
1269 , 0 , 1000 , 152.39 , 0 , 0 , 0
1270 , 0 , 1000 , 152.032 , 0 , 0 , 0
1271 , 0 , 1000 , 151.679 , 0 , 0 , 0
1272 , 0 , 1000 , 151.332 , 0 , 0 , 0
1273 , 0 , 1000 , 150.99 , 0 , 0 , 0
1274 , 0 , 1000 , 150.653 , 0 , 0 , 0
1275 , 0 , 1000 , 150.322 , 0 , 0 , 0
1276 , 0 , 1000 , 149.995 , 0 , 0 , 0
1277 , 0 , 1000 , 149.673 , 0 , 0 , 0
1278 , 0 , 1000 , 149.356 , 0 , 0 , 0
1279 , 0 , 1000 , 149.044 , 0 , 0 , 0
1280 , 0 , 1000 , 148.737 , 0 , 0 , 0
1281 , 0 , 1000 , 148.434 , 0 , 0 , 0
1282 , 0 , 1000 , 148.136 , 0 , 0 , 0
1283 , 0 , 1000 , 147.843 , 0 , 0 , 0
1284 , 0 , 1000 , 147.554 , 0 , 0 , 0
1285 , 0 , 1000 , 147.269 , 0 , 0 , 0
1286 , 0 , 1000 , 146.989 , 0 , 0 , 0
1287 , 0 , 1000 , 146.713 , 0 , 0 , 0
1288 , 0 , 1000 , 146.442 , 0 , 0 , 0
1289 , 0 , 1000 , 146.175 , 0 , 0 , 0
1290 , 0 , 1000 , 145.912 , 0 , 0 , 0
1291 , 0 , 1000 , 145.653 , 0 , 0 , 0
1292 , 0 , 1000 , 145.398 , 0 , 0 , 0
1293 , 0 , 1000 , 145.147 , 0 , 0 , 0
1294 , 0 , 1000 , 144.9 , 0 , 0 , 0
1295 , 0 , 1000 , 144.656 , 0 , 0 , 0
1296 , 0 , 1000 , 144.417 , 0 , 0 , 0
1297 , 0 , 1000 , 144.182 , 0 , 0 , 0
1298 , 0 , 1000 , 143.95 , 0 , 0 , 0
1299 , 0 , 1000 , 143.722 , 0 , 0 , 0
1300 , 0 , 1000 , 143.497 , 0 , 0 , 0
1301 , 0 , 1000 , 143.276 , 0 , 0 , 0
1302 , 0 , 1000 , 143.059 , 0 , 0 , 0
1303 , 0 , 1000 , 142.845 , 0 , 0 , 0
1304 , 0 , 1000 , 142.634 , 0 , 0 , 0
1305 , 0 , 1000 , 142.427 , 0 , 0 , 0
1306 , 0 , 1000 , 142.223 , 0 , 0 , 0
1307 , 0 , 1000 , 142.022 , 0 , 0 , 0
1308 , 0 , 1000 , 141.825 , 0 , 0 , 0
1309 , 0 , 1000 , 141.631 , 0 , 0 , 0
1310 , 0 , 1000 , 141.439 , 0 , 0 , 0
1311 , 0 , 1000 , 141.252 , 0 , 0 , 0
1312 , 0 , 1000 , 141.067 , 0 , 0 , 0
1313 , 0 , 1000 , 140.885 , 0 , 0 , 0
1314 , 0 , 1000 , 140.706 , 0 , 0 , 0
1315 , 0 , 1000 , 140.529 , 0 , 0 , 0
1316 , 0 , 1000 , 140.356 , 0 , 0 , 0
1317 , 0 , 1000 , 140.186 , 0 , 0 , 0
1318 , 0 , 1000 , 140.018 , 0 , 0 , 0
1319 , 0 , 1000 , 139.853 , 0 , 0 , 0
1320 , 0 , 1000 , 139.691 , 0 , 0 , 0
1321 , 0 , 1000 , 139.532 , 0 , 0 , 0
1322 , 0 , 1000 , 139.375 , 0 , 0 , 0
1323 , 0 , 1000 , 139.221 , 0 , 0 , 0
1324 , 0 , 1000 , 139.069 , 0 , 0 , 0
1325 , 0 , 1000 , 138.92 , 0 , 0 , 0
1326 , 0 , 1000 , 138.773 , 0 , 0 , 0
1327 , 0 , 1000 , 138.629 , 0 , 0 , 0
1328 , 0 , 1000 , 138.487 , 0 , 0 , 0
1329 , 0 , 1000 , 138.347 , 0 , 0 , 0
1330 , 0 , 1000 , 138.21 , 0 , 0 , 0
1331 , 0 , 1000 , 138.075 , 0 , 0 , 0
1332 , 0 , 1000 , 137.943 , 0 , 0 , 0
1333 , 0 , 1000 , 137.812 , 0 , 0 , 0
1334 , 0 , 1000 , 137.684 , 0 , 0 , 0
1335 , 0 , 1000 , 137.558 , 0 , 0 , 0
1336 , 0 , 1000 , 137.434 , 0 , 0 , 0
1337 , 0 , 1000 , 137.312 , 0 , 0 , 0
1338 , 0 , 1000 , 137.193 , 0 , 0 , 0
1339 , 0 , 1000 , 137.075 , 0 , 0 , 0
1340 , 0 , 1000 , 136.96 , 0 , 0 , 0
1341 , 0 , 1000 , 136.846 , 0 , 0 , 0
1342 , 0 , 1000 , 136.735 , 0 , 0 , 0
1343 , 0 , 1000 , 136.625 , 0 , 0 , 0
1344 , 0 , 1000 , 136.517 , 0 , 0 , 0
1345 , 0 , 1000 , 136.411 , 0 , 0 , 0
1346 , 0 , 1000 , 136.307 , 0 , 0 , 0
1347 , 0 , 1000 , 136.205 , 0 , 0 , 0
1348 , 0 , 1000 , 136.105 , 0 , 0 , 0
1349 , 0 , 1000 , 136.007 , 0 , 0 , 0
1350 , 0 , 1000 , 135.91 , 0 , 0 , 0
1351 , 0 , 1000 , 135.815 , 0 , 0 , 0
1352 , 0 , 1000 , 135.722 , 0 , 0 , 0
1353 , 0 , 1000 , 135.63 , 0 , 0 , 0
1354 , 0 , 1000 , 135.541 , 0 , 0 , 0
1355 , 0 , 1000 , 135.453 , 0 , 0 , 0
1356 , 0 , 1000 , 135.366 , 0 , 0 , 0
1357 , 0 , 1000 , 135.281 , 0 , 0 , 0
1358 , 0 , 1000 , 135.198 , 0 , 0 , 0
1359 , 0 , 1000 , 135.117 , 0 , 0 , 0
1360 , 0 , 1000 , 135.037 , 0 , 0 , 0
1361 , 0 , 1000 , 134.958 , 0 , 0 , 0
1362 , 0 , 1000 , 134.881 , 0 , 0 , 0
1363 , 0 , 1000 , 134.806 , 0 , 0 , 0
1364 , 0 , 1000 , 134.732 , 0 , 0 , 0
1365 , 0 , 1000 , 134.66 , 0 , 0 , 0
1366 , 0 , 1000 , 134.59 , 0 , 0 , 0
1367 , 0 , 1000 , 134.52 , 0 , 0 , 0
1368 , 0 , 1000 , 134.453 , 0 , 0 , 0
1369 , 0 , 1000 , 134.386 , 0 , 0 , 0
1370 , 0 , 1000 , 134.321 , 0 , 0 , 0
1371 , 0 , 1000 , 134.258 , 0 , 0 , 0
1372 , 0 , 1000 , 134.196 , 0 , 0 , 0
1373 , 0 , 1000 , 134.136 , 0 , 0 , 0
1374 , 0 , 1000 , 134.077 , 0 , 0 , 0
1375 , 0 , 1000 , 134.019 , 0 , 0 , 0
1376 , 0 , 1000 , 133.963 , 0 , 0 , 0
1377 , 0 , 1000 , 133.908 , 0 , 0 , 0
1378 , 0 , 1000 , 133.854 , 0 , 0 , 0
1379 , 0 , 1000 , 133.802 , 0 , 0 , 0
1380 , 0 , 1000 , 133.751 , 0 , 0 , 0
1381 , 0 , 1000 , 133.702 , 0 , 0 , 0
1382 , 0 , 1000 , 133.654 , 0 , 0 , 0
1383 , 0 , 1000 , 133.607 , 0 , 0 , 0
1384 , 0 , 1000 , 133.562 , 0 , 0 , 0
1385 , 0 , 1000 , 133.518 , 0 , 0 , 0
1386 , 0 , 1000 , 133.476 , 0 , 0 , 0
1387 , 0 , 1000 , 133.434 , 0 , 0 , 0
1388 , 0 , 1000 , 133.395 , 0 , 0 , 0
1389 , 0 , 1000 , 133.356 , 0 , 0 , 0
1390 , 0 , 1000 , 133.319 , 0 , 0 , 0
1391 , 0 , 1000 , 133.283 , 0 , 0 , 0
1392 , 0 , 1000 , 133.248 , 0 , 0 , 0
1393 , 0 , 1000 , 133.215 , 0 , 0 , 0
1394 , 0 , 1000 , 133.183 , 0 , 0 , 0
1395 , 0 , 1000 , 133.153 , 0 , 0 , 0
1396 , 0 , 1000 , 133.123 , 0 , 0 , 0
1397 , 0 , 1000 , 133.096 , 0 , 0 , 0
1398 , 0 , 1000 , 133.069 , 0 , 0 , 0
1399 , 0 , 1000 , 133.044 , 0 , 0 , 0
1400 , 0 , 1000 , 133.02 , 0 , 0 , 0
1401 , 0 , 1000 , 132.997 , 0 , 0 , 0
1402 , 0 , 1000 , 132.976 , 0 , 0 , 0
1403 , 0 , 1000 , 132.956 , 0 , 0 , 0
1404 , 0 , 1000 , 132.938 , 0 , 0 , 0
1405 , 0 , 1000 , 132.92 , 0 , 0 , 0
1406 , 0 , 1000 , 132.904 , 0 , 0 , 0
1407 , 0 , 1000 , 132.89 , 0 , 0 , 0
1408 , 0 , 1000 , 132.877 , 0 , 0 , 0
1409 , 0 , 1000 , 132.865 , 0 , 0 , 0
1410 , 0 , 1000 , 132.855 , 0 , 0 , 0
1411 , 0 , 1000 , 132.845 , 0 , 0 , 0
1412 , 0 , 1000 , 132.838 , 0 , 0 , 0
1413 , 0 , 1000 , 132.831 , 0 , 0 , 0
1414 , 0 , 1000 , 132.827 , 0 , 0 , 0
1415 , 0 , 1000 , 132.823 , 0 , 0 , 0
1416 , 0 , 1000 , 132.821 , 0 , 0 , 0
1417 , 0 , 1000 , 132.82 , 0 , 0 , 0
1418 , 0 , 1000 , 132.821 , 0 , 0 , 0
1419 , 0 , 1000 , 132.823 , 0 , 0 , 0
1420 , 0 , 1000 , 132.826 , 0 , 0 , 0
1421 , 0 , 1000 , 132.831 , 0 , 0 , 0
1422 , 0 , 1000 , 132.837 , 0 , 0 , 0
1423 , 0 , 1000 , 132.845 , 0 , 0 , 0
1424 , 0 , 1000 , 132.854 , 0 , 0 , 0
1425 , 0 , 1000 , 132.865 , 0 , 0 , 0
1426 , 0 , 1000 , 132.877 , 0 , 0 , 0
1427 , 0 , 1000 , 132.89 , 0 , 0 , 0
1428 , 0 , 1000 , 132.905 , 0 , 0 , 0
1429 , 0 , 1000 , 132.922 , 0 , 0 , 0
1430 , 0 , 1000 , 132.94 , 0 , 0 , 0
1431 , 0 , 1000 , 132.959 , 0 , 0 , 0
1432 , 0 , 1000 , 132.98 , 0 , 0 , 0
1433 , 0 , 1000 , 133.003 , 0 , 0 , 0
1434 , 0 , 1000 , 133.026 , 0 , 0 , 0
1435 , 0 , 1000 , 133.052 , 0 , 0 , 0
1436 , 0 , 1000 , 133.079 , 0 , 0 , 0
1437 , 0 , 1000 , 133.107 , 0 , 0 , 0
1438 , 0 , 1000 , 133.137 , 0 , 0 , 0
1439 , 0 , 1000 , 133.169 , 0 , 0 , 0
1440 , 0 , 1000 , 133.202 , 0 , 0 , 0
1441 , 0 , 1000 , 133.237 , 0 , 0 , 0
1442 , 0 , 1000 , 133.273 , 0 , 0 , 0
1443 , 0 , 1000 , 133.311 , 0 , 0 , 0
1444 , 0 , 1000 , 133.35 , 0 , 0 , 0
1445 , 0 , 1000 , 133.391 , 0 , 0 , 0
1446 , 0 , 1000 , 133.434 , 0 , 0 , 0
1447 , 0 , 1000 , 133.478 , 0 , 0 , 0
1448 , 0 , 1000 , 133.524 , 0 , 0 , 0
1449 , 0 , 1000 , 133.572 , 0 , 0 , 0
1450 , 0 , 1000 , 133.621 , 0 , 0 , 0
1451 , 0 , 1000 , 133.672 , 0 , 0 , 0
1452 , 0 , 1000 , 133.724 , 0 , 0 , 0
1453 , 0 , 1000 , 133.778 , 0 , 0 , 0
1454 , 0 , 1000 , 133.834 , 0 , 0 , 0
1455 , 0 , 1000 , 133.891 , 0 , 0 , 0
1456 , 0 , 1000 , 133.95 , 0 , 0 , 0
1457 , 0 , 1000 , 134.011 , 0 , 0 , 0
1458 , 0 , 1000 , 134.073 , 0 , 0 , 0
1459 , 0 , 1000 , 134.137 , 0 , 0 , 0
1460 , 0 , 1000 , 134.203 , 0 , 0 , 0
1461 , 0 , 1000 , 134.27 , 0 , 0 , 0
1462 , 0 , 1000 , 134.339 , 0 , 0 , 0
1463 , 0 , 1000 , 134.41 , 0 , 0 , 0
1464 , 0 , 1000 , 134.483 , 0 , 0 , 0
1465 , 0 , 1000 , 134.557 , 0 , 0 , 0
1466 , 0 , 1000 , 134.633 , 0 , 0 , 0
1467 , 0 , 1000 , 134.711 , 0 , 0 , 0
1468 , 0 , 1000 , 134.791 , 0 , 0 , 0
1469 , 0 , 1000 , 134.872 , 0 , 0 , 0
1470 , 0 , 1000 , 134.955 , 0 , 0 , 0
1471 , 0 , 1000 , 135.04 , 0 , 0 , 0
1472 , 0 , 1000 , 135.126 , 0 , 0 , 0
1473 , 0 , 1000 , 135.214 , 0 , 0 , 0
1474 , 0 , 1000 , 135.304 , 0 , 0 , 0
1475 , 0 , 1000 , 135.396 , 0 , 0 , 0
1476 , 0 , 1000 , 135.489 , 0 , 0 , 0
1477 , 0 , 1000 , 135.585 , 0 , 0 , 0
1478 , 0 , 1000 , 135.682 , 0 , 0 , 0
1479 , 0 , 1000 , 135.78 , 0 , 0 , 0
1480 , 0 , 1000 , 135.881 , 0 , 0 , 0
1481 , 0 , 1000 , 135.983 , 0 , 0 , 0
1482 , 0 , 1000 , 136.087 , 0 , 0 , 0
1483 , 0 , 1000 , 136.193 , 0 , 0 , 0
1484 , 0 , 1000 , 136.301 , 0 , 0 , 0
1485 , 0 , 1000 , 136.41 , 0 , 0 , 0
1486 , 0 , 1000 , 136.521 , 0 , 0 , 0
1487 , 0 , 1000 , 136.634 , 0 , 0 , 0
1488 , 0 , 1000 , 136.748 , 0 , 0 , 0
1489 , 0 , 1000 , 136.865 , 0 , 0 , 0
1490 , 0 , 1000 , 136.983 , 0 , 0 , 0
1491 , 0 , 1000 , 137.102 , 0 , 0 , 0
1492 , 0 , 1000 , 137.224 , 0 , 0 , 0
1493 , 0 , 1000 , 137.347 , 0 , 0 , 0
1494 , 0 , 1000 , 137.472 , 0 , 0 , 0
1495 , 0 , 1000 , 137.599 , 0 , 0 , 0
1496 , 0 , 1000 , 137.727 , 0 , 0 , 0
1497 , 0 , 1000 , 137.857 , 0 , 0 , 0
1498 , 0 , 1000 , 137.989 , 0 , 0 , 0
1499 , 0 , 1000 , 138.123 , 0 , 0 , 0
1500 , 0 , 1000 , 138.258 , 0 , 0 , 0
1501 , 0 , 1000 , 138.395 , 0 , 0 , 0
1502 , 0 , 1000 , 138.534 , 0 , 0 , 0
1503 , 0 , 1000 , 138.674 , 0 , 0 , 0
1504 , 0 , 1000 , 138.816 , 0 , 0 , 0
1505 , 0 , 1000 , 138.959 , 0 , 0 , 0
1506 , 0 , 1000 , 139.105 , 0 , 0 , 0
1507 , 0 , 1000 , 139.251 , 0 , 0 , 0
1508 , 0 , 1000 , 139.4 , 0 , 0 , 0
1509 , 0 , 1000 , 139.55 , 0 , 0 , 0
1510 , 0 , 1000 , 139.702 , 0 , 0 , 0
1511 , 0 , 1000 , 139.855 , 0 , 0 , 0
1512 , 0 , 1000 , 140.01 , 0 , 0 , 0
1513 , 0 , 1000 , 140.167 , 0 , 0 , 0
1514 , 0 , 1000 , 140.325 , 0 , 0 , 0
1515 , 0 , 1000 , 140.485 , 0 , 0 , 0
1516 , 0 , 1000 , 140.646 , 0 , 0 , 0
1517 , 0 , 1000 , 140.809 , 0 , 0 , 0
1518 , 0 , 1000 , 140.973 , 0 , 0 , 0
1519 , 0 , 1000 , 141.139 , 0 , 0 , 0
1520 , 0 , 1000 , 141.307 , 0 , 0 , 0
1521 , 0 , 1000 , 141.476 , 0 , 0 , 0
1522 , 0 , 1000 , 141.646 , 0 , 0 , 0
1523 , 0 , 1000 , 141.818 , 0 , 0 , 0
1524 , 0 , 1000 , 141.992 , 0 , 0 , 0
1525 , 0 , 1000 , 142.167 , 0 , 0 , 0
1526 , 0 , 1000 , 142.343 , 0 , 0 , 0
1527 , 0 , 1000 , 142.521 , 0 , 0 , 0
1528 , 0 , 1000 , 142.701 , 0 , 0 , 0
1529 , 0 , 1000 , 142.881 , 0 , 0 , 0
1530 , 0 , 1000 , 143.064 , 0 , 0 , 0
1531 , 0 , 1000 , 143.247 , 0 , 0 , 0
1532 , 0 , 1000 , 143.432 , 0 , 0 , 0
1533 , 0 , 1000 , 143.619 , 0 , 0 , 0
1534 , 0 , 1000 , 143.807 , 0 , 0 , 0
1535 , 0 , 1000 , 143.996 , 0 , 0 , 0
1536 , 0 , 1000 , 144.187 , 0 , 0 , 0
1537 , 0 , 1000 , 144.379 , 0 , 0 , 0
1538 , 0 , 1000 , 144.572 , 0 , 0 , 0
1539 , 0 , 1000 , 144.767 , 0 , 0 , 0
1540 , 0 , 1000 , 144.963 , 0 , 0 , 0
1541 , 0 , 1000 , 145.16 , 0 , 0 , 0
1542 , 0 , 1000 , 145.359 , 0 , 0 , 0
1543 , 0 , 1000 , 145.559 , 0 , 0 , 0
1544 , 0 , 1000 , 145.76 , 0 , 0 , 0
1545 , 0 , 1000 , 145.963 , 0 , 0 , 0
1546 , 0 , 1000 , 146.166 , 0 , 0 , 0
1547 , 0 , 1000 , 146.371 , 0 , 0 , 0
1548 , 0 , 1000 , 146.577 , 0 , 0 , 0
1549 , 0 , 1000 , 146.785 , 0 , 0 , 0
1550 , 0 , 1000 , 146.993 , 0 , 0 , 0
1551 , 0 , 1000 , 147.203 , 0 , 0 , 0
1552 , 0 , 1000 , 147.414 , 0 , 0 , 0
1553 , 0 , 1000 , 147.626 , 0 , 0 , 0
1554 , 0 , 1000 , 147.839 , 0 , 0 , 0
1555 , 0 , 1000 , 148.053 , 0 , 0 , 0
1556 , 0 , 1000 , 148.268 , 0 , 0 , 0
1557 , 0 , 1000 , 148.485 , 0 , 0 , 0
1558 , 0 , 1000 , 148.702 , 0 , 0 , 0
1559 , 0 , 1000 , 148.921 , 0 , 0 , 0
1560 , 0 , 1000 , 149.14 , 0 , 0 , 0
1561 , 0 , 1000 , 149.361 , 0 , 0 , 0
1562 , 0 , 1000 , 149.582 , 0 , 0 , 0
1563 , 0 , 1000 , 149.805 , 0 , 0 , 0
1564 , 0 , 1000 , 150.028 , 0 , 0 , 0
1565 , 0 , 1000 , 150.253 , 0 , 0 , 0
1566 , 0 , 1000 , 150.478 , 0 , 0 , 0
1567 , 0 , 1000 , 150.704 , 0 , 0 , 0
1568 , 0 , 1000 , 150.931 , 0 , 0 , 0
1569 , 0 , 1000 , 151.159 , 0 , 0 , 0
1570 , 0 , 1000 , 151.388 , 0 , 0 , 0
1571 , 0 , 1000 , 151.618 , 0 , 0 , 0
1572 , 0 , 1000 , 151.848 , 0 , 0 , 0
1573 , 0 , 1000 , 152.079 , 0 , 0 , 0
1574 , 0 , 1000 , 152.311 , 0 , 0 , 0
1575 , 0 , 1000 , 152.544 , 0 , 0 , 0
1576 , 0 , 1000 , 152.778 , 0 , 0 , 0
1577 , 0 , 1000 , 153.012 , 0 , 0 , 0
1578 , 0 , 1000 , 153.247 , 0 , 0 , 0
1579 , 0 , 1000 , 153.482 , 0 , 0 , 0
1580 , 0 , 1000 , 153.718 , 0 , 0 , 0
1581 , 0 , 1000 , 153.955 , 0 , 0 , 0
1582 , 0 , 1000 , 154.192 , 0 , 0 , 0
1583 , 0 , 1000 , 154.43 , 0 , 0 , 0
1584 , 0 , 1000 , 154.669 , 0 , 0 , 0
1585 , 0 , 1000 , 154.908 , 0 , 0 , 0
1586 , 0 , 1000 , 155.147 , 0 , 0 , 0
1587 , 0 , 1000 , 155.387 , 0 , 0 , 0
1588 , 0 , 1000 , 155.627 , 0 , 0 , 0
1589 , 0 , 1000 , 155.868 , 0 , 0 , 0
1590 , 0 , 1000 , 156.109 , 0 , 0 , 0
1591 , 0 , 1000 , 156.351 , 0 , 0 , 0
1592 , 0 , 1000 , 156.593 , 0 , 0 , 0
1593 , 0 , 1000 , 156.835 , 0 , 0 , 0
1594 , 0 , 1000 , 157.077 , 0 , 0 , 0
1595 , 0 , 1000 , 157.32 , 0 , 0 , 0
1596 , 0 , 1000 , 157.563 , 0 , 0 , 0
1597 , 0 , 1000 , 157.806 , 0 , 0 , 0
1598 , 0 , 1000 , 158.049 , 0 , 0 , 0
1599 , 0 , 1000 , 158.293 , 0 , 0 , 0
1600 , 0 , 1000 , 158.536 , 0 , 0 , 0
1601 , 0 , 1000 , 158.78 , 0 , 0 , 0
1602 , 0 , 1000 , 159.024 , 0 , 0 , 0
1603 , 0 , 1000 , 159.268 , 0 , 0 , 0
1604 , 0 , 1000 , 159.511 , 0 , 0 , 0
1605 , 0 , 1000 , 159.755 , 0 , 0 , 0
1606 , 0 , 1000 , 159.999 , 0 , 0 , 0
1607 , 0 , 1000 , 160.243 , 0 , 0 , 0
1608 , 0 , 1000 , 160.486 , 0 , 0 , 0
1609 , 0 , 1000 , 160.73 , 0 , 0 , 0
1610 , 0 , 1000 , 160.973 , 0 , 0 , 0
1611 , 0 , 1000 , 161.216 , 0 , 0 , 0
1612 , 0 , 1000 , 161.459 , 0 , 0 , 0
1613 , 0 , 1000 , 161.701 , 0 , 0 , 0
1614 , 0 , 1000 , 161.944 , 0 , 0 , 0
1615 , 0 , 1000 , 162.186 , 0 , 0 , 0
1616 , 0 , 1000 , 162.427 , 0 , 0 , 0
1617 , 0 , 1000 , 162.669 , 0 , 0 , 0
1618 , 0 , 1000 , 162.909 , 0 , 0 , 0
1619 , 0 , 1000 , 163.15 , 0 , 0 , 0
1620 , 0 , 1000 , 163.39 , 0 , 0 , 0
1621 , 0 , 1000 , 163.629 , 0 , 0 , 0
1622 , 0 , 1000 , 163.868 , 0 , 0 , 0
1623 , 0 , 1000 , 164.106 , 0 , 0 , 0
1624 , 0 , 1000 , 164.344 , 0 , 0 , 0
1625 , 0 , 1000 , 164.581 , 0 , 0 , 0
1626 , 0 , 1000 , 164.818 , 0 , 0 , 0
1627 , 0 , 1000 , 165.054 , 0 , 0 , 0
1628 , 0 , 1000 , 165.289 , 0 , 0 , 0
1629 , 0 , 1000 , 165.523 , 0 , 0 , 0
1630 , 0 , 1000 , 165.756 , 0 , 0 , 0
1631 , 0 , 1000 , 165.989 , 0 , 0 , 0
1632 , 0 , 1000 , 166.221 , 0 , 0 , 0
1633 , 0 , 1000 , 166.452 , 0 , 0 , 0
1634 , 0 , 1000 , 166.682 , 0 , 0 , 0
1635 , 0 , 1000 , 166.911 , 0 , 0 , 0
1636 , 0 , 1000 , 167.139 , 0 , 0 , 0
1637 , 0 , 1000 , 167.367 , 0 , 0 , 0
1638 , 0 , 1000 , 167.593 , 0 , 0 , 0
1639 , 0 , 1000 , 167.818 , 0 , 0 , 0
1640 , 0 , 1000 , 168.042 , 0 , 0 , 0
1641 , 0 , 1000 , 168.265 , 0 , 0 , 0
1642 , 0 , 1000 , 168.487 , 0 , 0 , 0
1643 , 0 , 1000 , 168.707 , 0 , 0 , 0
1644 , 0 , 1000 , 168.927 , 0 , 0 , 0
1645 , 0 , 1000 , 169.145 , 0 , 0 , 0
1646 , 0 , 1000 , 169.362 , 0 , 0 , 0
1647 , 0 , 1000 , 169.578 , 0 , 0 , 0
1648 , 0 , 1000 , 169.792 , 0 , 0 , 0
1649 , 0 , 1000 , 170.005 , 0 , 0 , 0
1650 , 0 , 1000 , 170.217 , 0 , 0 , 0
1651 , 0 , 1000 , 170.427 , 0 , 0 , 0
1652 , 0 , 1000 , 170.636 , 0 , 0 , 0
1653 , 0 , 1000 , 170.843 , 0 , 0 , 0
1654 , 0 , 1000 , 171.049 , 0 , 0 , 0
1655 , 0 , 1000 , 171.254 , 0 , 0 , 0
1656 , 0 , 1000 , 171.456 , 0 , 0 , 0
1657 , 0 , 1000 , 171.658 , 0 , 0 , 0
1658 , 0 , 1000 , 171.858 , 0 , 0 , 0
1659 , 0 , 1000 , 172.056 , 0 , 0 , 0
1660 , 0 , 1000 , 172.253 , 0 , 0 , 0
1661 , 0 , 1000 , 172.448 , 0 , 0 , 0
1662 , 0 , 1000 , 172.641 , 0 , 0 , 0
1663 , 0 , 1000 , 172.832 , 0 , 0 , 0
1664 , 0 , 1000 , 173.022 , 0 , 0 , 0
1665 , 0 , 1000 , 173.211 , 0 , 0 , 0
1666 , 0 , 1000 , 173.397 , 0 , 0 , 0
1667 , 0 , 1000 , 173.582 , 0 , 0 , 0
1668 , 0 , 1000 , 173.765 , 0 , 0 , 0
1669 , 0 , 1000 , 173.946 , 0 , 0 , 0
1670 , 0 , 1000 , 174.125 , 0 , 0 , 0
1671 , 0 , 1000 , 174.303 , 0 , 0 , 0
1672 , 0 , 1000 , 174.478 , 0 , 0 , 0
1673 , 0 , 1000 , 174.652 , 0 , 0 , 0
1674 , 0 , 1000 , 174.824 , 0 , 0 , 0
1675 , 0 , 1000 , 174.994 , 0 , 0 , 0
1676 , 0 , 1000 , 175.162 , 0 , 0 , 0
1677 , 0 , 1000 , 175.328 , 0 , 0 , 0
1678 , 0 , 1000 , 175.492 , 0 , 0 , 0
1679 , 0 , 1000 , 175.654 , 0 , 0 , 0
1680 , 0 , 1000 , 175.814 , 0 , 0 , 0
1681 , 0 , 1000 , 175.972 , 0 , 0 , 0
1682 , 0 , 1000 , 176.128 , 0 , 0 , 0
1683 , 0 , 1000 , 176.282 , 0 , 0 , 0
1684 , 0 , 1000 , 176.435 , 0 , 0 , 0
1685 , 0 , 1000 , 176.585 , 0 , 0 , 0
1686 , 0 , 1000 , 176.732 , 0 , 0 , 0
1687 , 0 , 1000 , 176.878 , 0 , 0 , 0
1688 , 0 , 1000 , 177.022 , 0 , 0 , 0
1689 , 0 , 1000 , 177.164 , 0 , 0 , 0
1690 , 0 , 1000 , 177.303 , 0 , 0 , 0
1691 , 0 , 1000 , 177.441 , 0 , 0 , 0
1692 , 0 , 1000 , 177.576 , 0 , 0 , 0
1693 , 0 , 1000 , 177.71 , 0 , 0 , 0
1694 , 0 , 1000 , 177.841 , 0 , 0 , 0
1695 , 0 , 1000 , 177.97 , 0 , 0 , 0
1696 , 0 , 1000 , 178.096 , 0 , 0 , 0
1697 , 0 , 1000 , 178.221 , 0 , 0 , 0
1698 , 0 , 1000 , 178.344 , 0 , 0 , 0
1699 , 0 , 1000 , 178.464 , 0 , 0 , 0
1700 , 0 , 1000 , 178.582 , 0 , 0 , 0
1701 , 0 , 1000 , 178.698 , 0 , 0 , 0
1702 , 0 , 1000 , 178.812 , 0 , 0 , 0
1703 , 0 , 1000 , 178.923 , 0 , 0 , 0
1704 , 0 , 1000 , 179.033 , 0 , 0 , 0
1705 , 0 , 1000 , 179.14 , 0 , 0 , 0
1706 , 0 , 1000 , 179.245 , 0 , 0 , 0
1707 , 0 , 1000 , 179.348 , 0 , 0 , 0
1708 , 0 , 1000 , 179.449 , 0 , 0 , 0
1709 , 0 , 1000 , 179.547 , 0 , 0 , 0
1710 , 0 , 1000 , 179.643 , 0 , 0 , 0
1711 , 0 , 1000 , 179.738 , 0 , 0 , 0
1712 , 0 , 1000 , 179.829 , 0 , 0 , 0
1713 , 0 , 1000 , 179.919 , 0 , 0 , 0
1714 , 0 , 1000 , 180.007 , 0 , 0 , 0
1715 , 0 , 1000 , 180.092 , 0 , 0 , 0
1716 , 0 , 1000 , 180.175 , 0 , 0 , 0
1717 , 0 , 1000 , 180.256 , 0 , 0 , 0
1718 , 0 , 1000 , 180.335 , 0 , 0 , 0
1719 , 0 , 1000 , 180.411 , 0 , 0 , 0
1720 , 0 , 1000 , 180.486 , 0 , 0 , 0
1721 , 0 , 1000 , 180.558 , 0 , 0 , 0
1722 , 0 , 1000 , 180.628 , 0 , 0 , 0
1723 , 0 , 1000 , 180.696 , 0 , 0 , 0
1724 , 0 , 1000 , 180.762 , 0 , 0 , 0
1725 , 0 , 1000 , 180.825 , 0 , 0 , 0
1726 , 0 , 1000 , 180.887 , 0 , 0 , 0
1727 , 0 , 1000 , 180.946 , 0 , 0 , 0
1728 , 0 , 1000 , 181.003 , 0 , 0 , 0
1729 , 0 , 1000 , 181.058 , 0 , 0 , 0
1730 , 0 , 1000 , 181.111 , 0 , 0 , 0
1731 , 0 , 1000 , 181.161 , 0 , 0 , 0
1732 , 0 , 1000 , 181.21 , 0 , 0 , 0
1733 , 0 , 1000 , 181.257 , 0 , 0 , 0
1734 , 0 , 1000 , 181.301 , 0 , 0 , 0
1735 , 0 , 1000 , 181.343 , 0 , 0 , 0
1736 , 0 , 1000 , 181.383 , 0 , 0 , 0
1737 , 0 , 1000 , 181.422 , 0 , 0 , 0
1738 , 0 , 1000 , 181.458 , 0 , 0 , 0
1739 , 0 , 1000 , 181.492 , 0 , 0 , 0
1740 , 0 , 1000 , 181.523 , 0 , 0 , 0
1741 , 0 , 1000 , 181.553 , 0 , 0 , 0
1742 , 0 , 1000 , 181.581 , 0 , 0 , 0
1743 , 0 , 1000 , 181.607 , 0 , 0 , 0
1744 , 0 , 1000 , 181.631 , 0 , 0 , 0
1745 , 0 , 1000 , 181.653 , 0 , 0 , 0
1746 , 0 , 1000 , 181.672 , 0 , 0 , 0
1747 , 0 , 1000 , 181.69 , 0 , 0 , 0
1748 , 0 , 1000 , 181.706 , 0 , 0 , 0
1749 , 0 , 1000 , 181.72 , 0 , 0 , 0
1750 , 0 , 1000 , 181.732 , 0 , 0 , 0
1751 , 0 , 1000 , 181.742 , 0 , 0 , 0
1752 , 0 , 1000 , 181.75 , 0 , 0 , 0
1753 , 0 , 1000 , 181.756 , 0 , 0 , 0
1754 , 0 , 1000 , 181.76 , 0 , 0 , 0
1755 , 0 , 1000 , 181.762 , 0 , 0 , 0
1756 , 0 , 1000 , 181.762 , 0 , 0 , 0
1757 , 0 , 1000 , 181.761 , 0 , 0 , 0
1758 , 0 , 1000 , 181.757 , 0 , 0 , 0
1759 , 0 , 1000 , 181.752 , 0 , 0 , 0
1760 , 0 , 1000 , 181.745 , 0 , 0 , 0
1761 , 0 , 1000 , 181.736 , 0 , 0 , 0
1762 , 0 , 1000 , 181.725 , 0 , 0 , 0
1763 , 0 , 1000 , 181.712 , 0 , 0 , 0
1764 , 0 , 1000 , 181.698 , 0 , 0 , 0
1765 , 0 , 1000 , 181.681 , 0 , 0 , 0
1766 , 0 , 1000 , 181.663 , 0 , 0 , 0
1767 , 0 , 1000 , 181.643 , 0 , 0 , 0
1768 , 0 , 1000 , 181.622 , 0 , 0 , 0
1769 , 0 , 1000 , 181.598 , 0 , 0 , 0
1770 , 0 , 1000 , 181.573 , 0 , 0 , 0
1771 , 0 , 1000 , 181.546 , 0 , 0 , 0
1772 , 0 , 1000 , 181.517 , 0 , 0 , 0
1773 , 0 , 1000 , 181.487 , 0 , 0 , 0
1774 , 0 , 1000 , 181.455 , 0 , 0 , 0
1775 , 0 , 1000 , 181.421 , 0 , 0 , 0
1776 , 0 , 1000 , 181.386 , 0 , 0 , 0
1777 , 0 , 1000 , 181.348 , 0 , 0 , 0
1778 , 0 , 1000 , 181.31 , 0 , 0 , 0
1779 , 0 , 1000 , 181.269 , 0 , 0 , 0
1780 , 0 , 1000 , 181.227 , 0 , 0 , 0
1781 , 0 , 1000 , 181.183 , 0 , 0 , 0
1782 , 0 , 1000 , 181.138 , 0 , 0 , 0
1783 , 0 , 1000 , 181.091 , 0 , 0 , 0
1784 , 0 , 1000 , 181.042 , 0 , 0 , 0
1785 , 0 , 1000 , 180.992 , 0 , 0 , 0
1786 , 0 , 1000 , 180.94 , 0 , 0 , 0
1787 , 0 , 1000 , 180.887 , 0 , 0 , 0
1788 , 0 , 1000 , 180.832 , 0 , 0 , 0
1789 , 0 , 1000 , 180.776 , 0 , 0 , 0
1790 , 0 , 1000 , 180.718 , 0 , 0 , 0
1791 , 0 , 1000 , 180.658 , 0 , 0 , 0
1792 , 0 , 1000 , 180.597 , 0 , 0 , 0
1793 , 0 , 1000 , 180.534 , 0 , 0 , 0
1794 , 0 , 1000 , 180.47 , 0 , 0 , 0
1795 , 0 , 1000 , 180.404 , 0 , 0 , 0
1796 , 0 , 1000 , 180.337 , 0 , 0 , 0
1797 , 0 , 1000 , 180.269 , 0 , 0 , 0
1798 , 0 , 1000 , 180.198 , 0 , 0 , 0
1799 , 0 , 1000 , 180.127 , 0 , 0 , 0
1800 , 0 , 1000 , 180.054 , 0 , 0 , 0
