Step , TotalTime , T , P , Ux , Uy , Uz
1 , 0 , 1000 , 38517.1 , 0 , 0 , 0
2 , 0 , 1000 , 39982.4 , 0 , 0 , 0
3 , 0 , 1000 , 41363.1 , 0 , 0 , 0
4 , 0 , 1000 , 42666.9 , 0 , 0 , 0
5 , 0 , 1000 , 43900.7 , 0 , 0 , 0
6 , 0 , 1000 , 45070.7 , 0 , 0 , 0
7 , 0 , 1000 , 46182.6 , 0 , 0 , 0
8 , 0 , 1000 , 47241.5 , 0 , 0 , 0
9 , 0 , 1000 , 48251.8 , 0 , 0 , 0
10 , 0 , 1000 , 49217.7 , 0 , 0 , 0
11 , 0 , 1000 , 50142.6 , 0 , 0 , 0
12 , 0 , 1000 , 51029.8 , 0 , 0 , 0
13 , 0 , 1000 , 51882.2 , 0 , 0 , 0
14 , 0 , 1000 , 52702.3 , 0 , 0 , 0
15 , 0 , 1000 , 53492.2 , 0 , 0 , 0
16 , 0 , 1000 , 54254 , 0 , 0 , 0
17 , 0 , 1000 , 54989.4 , 0 , 0 , 0
18 , 0 , 1000 , 55700.1 , 0 , 0 , 0
19 , 0 , 1000 , 56387.3 , 0 , 0 , 0
20 , 0 , 1000 , 57052.2 , 0 , 0 , 0
21 , 0 , 1000 , 57696.1 , 0 , 0 , 0
22 , 0 , 1000 , 58319.8 , 0 , 0 , 0
23 , 0 , 1000 , 58924.2 , 0 , 0 , 0
24 , 0 , 1000 , 59510.1 , 0 , 0 , 0
25 , 0 , 1000 , 60078.1 , 0 , 0 , 0
26 , 0 , 1000 , 60628.9 , 0 , 0 , 0
27 , 0 , 1000 , 61163.1 , 0 , 0 , 0
28 , 0 , 1000 , 61681 , 0 , 0 , 0
29 , 0 , 1000 , 62183.2 , 0 , 0 , 0
30 , 0 , 1000 , 62670.1 , 0 , 0 , 0
31 , 0 , 1000 , 63142.1 , 0 , 0 , 0
32 , 0 , 1000 , 63599.5 , 0 , 0 , 0
33 , 0 , 1000 , 64042.6 , 0 , 0 , 0
34 , 0 , 1000 , 64471.7 , 0 , 0 , 0
35 , 0 , 1000 , 64887.1 , 0 , 0 , 0
36 , 0 , 1000 , 65289.1 , 0 , 0 , 0
37 , 0 , 1000 , 65677.9 , 0 , 0 , 0
38 , 0 , 1000 , 66053.8 , 0 , 0 , 0
39 , 0 , 1000 , 66417 , 0 , 0 , 0
40 , 0 , 1000 , 66767.6 , 0 , 0 , 0
41 , 0 , 1000 , 67106 , 0 , 0 , 0
42 , 0 , 1000 , 67432.3 , 0 , 0 , 0
43 , 0 , 1000 , 67746.7 , 0 , 0 , 0
44 , 0 , 1000 , 68049.5 , 0 , 0 , 0
45 , 0 , 1000 , 68340.8 , 0 , 0 , 0
46 , 0 , 1000 , 68620.8 , 0 , 0 , 0
47 , 0 , 1000 , 68889.8 , 0 , 0 , 0
48 , 0 , 1000 , 69147.8 , 0 , 0 , 0
49 , 0 , 1000 , 69395.2 , 0 , 0 , 0
50 , 0 , 1000 , 69632.1 , 0 , 0 , 0
51 , 0 , 1000 , 69858.7 , 0 , 0 , 0
52 , 0 , 1000 , 70075.2 , 0 , 0 , 0
53 , 0 , 1000 , 70281.9 , 0 , 0 , 0
54 , 0 , 1000 , 70478.8 , 0 , 0 , 0
55 , 0 , 1000 , 70666.2 , 0 , 0 , 0
56 , 0 , 1000 , 70844.3 , 0 , 0 , 0
57 , 0 , 1000 , 71013.3 , 0 , 0 , 0
58 , 0 , 1000 , 71173.3 , 0 , 0 , 0
59 , 0 , 1000 , 71324.6 , 0 , 0 , 0
60 , 0 , 1000 , 71467.5 , 0 , 0 , 0
61 , 0 , 1000 , 71601.9 , 0 , 0 , 0
62 , 0 , 1000 , 71728.2 , 0 , 0 , 0
63 , 0 , 1000 , 71846.6 , 0 , 0 , 0
64 , 0 , 1000 , 71957.2 , 0 , 0 , 0
65 , 0 , 1000 , 72060.3 , 0 , 0 , 0
66 , 0 , 1000 , 72156 , 0 , 0 , 0
67 , 0 , 1000 , 72244.5 , 0 , 0 , 0
68 , 0 , 1000 , 72326 , 0 , 0 , 0
69 , 0 , 1000 , 72400.6 , 0 , 0 , 0
70 , 0 , 1000 , 72468.6 , 0 , 0 , 0
71 , 0 , 1000 , 72530.2 , 0 , 0 , 0
72 , 0 , 1000 , 72585.5 , 0 , 0 , 0
73 , 0 , 1000 , 72634.6 , 0 , 0 , 0
74 , 0 , 1000 , 72677.8 , 0 , 0 , 0
75 , 0 , 1000 , 72715.2 , 0 , 0 , 0
76 , 0 , 1000 , 72747 , 0 , 0 , 0
77 , 0 , 1000 , 72773.3 , 0 , 0 , 0
78 , 0 , 1000 , 72794.3 , 0 , 0 , 0
79 , 0 , 1000 , 72810.2 , 0 , 0 , 0
80 , 0 , 1000 , 72821.1 , 0 , 0 , 0
81 , 0 , 1000 , 72827 , 0 , 0 , 0
82 , 0 , 1000 , 72828.3 , 0 , 0 , 0
83 , 0 , 1000 , 72825 , 0 , 0 , 0
84 , 0 , 1000 , 72817.3 , 0 , 0 , 0
85 , 0 , 1000 , 72805.3 , 0 , 0 , 0
86 , 0 , 1000 , 72789.1 , 0 , 0 , 0
87 , 0 , 1000 , 72768.8 , 0 , 0 , 0
88 , 0 , 1000 , 72744.7 , 0 , 0 , 0
89 , 0 , 1000 , 72716.8 , 0 , 0 , 0
90 , 0 , 1000 , 72685.2 , 0 , 0 , 0
91 , 0 , 1000 , 72650.2 , 0 , 0 , 0
92 , 0 , 1000 , 72611.8 , 0 , 0 , 0
93 , 0 , 1000 , 72570.1 , 0 , 0 , 0
94 , 0 , 1000 , 72525.2 , 0 , 0 , 0
95 , 0 , 1000 , 72477.3 , 0 , 0 , 0
96 , 0 , 1000 , 72426.5 , 0 , 0 , 0
97 , 0 , 1000 , 72372.8 , 0 , 0 , 0
98 , 0 , 1000 , 72316.4 , 0 , 0 , 0
99 , 0 , 1000 , 72257.4 , 0 , 0 , 0
100 , 0 , 1000 , 72195.9 , 0 , 0 , 0
101 , 0 , 1000 , 72132 , 0 , 0 , 0
102 , 0 , 1000 , 72065.9 , 0 , 0 , 0
103 , 0 , 1000 , 71997.6 , 0 , 0 , 0
104 , 0 , 1000 , 71927.3 , 0 , 0 , 0
105 , 0 , 1000 , 71855 , 0 , 0 , 0
106 , 0 , 1000 , 71780.9 , 0 , 0 , 0
107 , 0 , 1000 , 71705 , 0 , 0 , 0
108 , 0 , 1000 , 71627.5 , 0 , 0 , 0
109 , 0 , 1000 , 71548.5 , 0 , 0 , 0
110 , 0 , 1000 , 71468.1 , 0 , 0 , 0
111 , 0 , 1000 , 71386.3 , 0 , 0 , 0
112 , 0 , 1000 , 71303.1 , 0 , 0 , 0
113 , 0 , 1000 , 71218.6 , 0 , 0 , 0
114 , 0 , 1000 , 71132.9 , 0 , 0 , 0
115 , 0 , 1000 , 71046 , 0 , 0 , 0
116 , 0 , 1000 , 70957.9 , 0 , 0 , 0
117 , 0 , 1000 , 70868.8 , 0 , 0 , 0
118 , 0 , 1000 , 70778.6 , 0 , 0 , 0
119 , 0 , 1000 , 70687.7 , 0 , 0 , 0
120 , 0 , 1000 , 70595.9 , 0 , 0 , 0
121 , 0 , 1000 , 70503.4 , 0 , 0 , 0
122 , 0 , 1000 , 70410.2 , 0 , 0 , 0
123 , 0 , 1000 , 70316.5 , 0 , 0 , 0
124 , 0 , 1000 , 70222.4 , 0 , 0 , 0
125 , 0 , 1000 , 70127.8 , 0 , 0 , 0
126 , 0 , 1000 , 70033 , 0 , 0 , 0
127 , 0 , 1000 , 69937.9 , 0 , 0 , 0
128 , 0 , 1000 , 69842.5 , 0 , 0 , 0
129 , 0 , 1000 , 69747.1 , 0 , 0 , 0
130 , 0 , 1000 , 69650.9 , 0 , 0 , 0
131 , 0 , 1000 , 69553.8 , 0 , 0 , 0
132 , 0 , 1000 , 69455.9 , 0 , 0 , 0
133 , 0 , 1000 , 69357.5 , 0 , 0 , 0
134 , 0 , 1000 , 69258.7 , 0 , 0 , 0
135 , 0 , 1000 , 69159.6 , 0 , 0 , 0
136 , 0 , 1000 , 69060.4 , 0 , 0 , 0
137 , 0 , 1000 , 68961.1 , 0 , 0 , 0
138 , 0 , 1000 , 68861.8 , 0 , 0 , 0
139 , 0 , 1000 , 68762.7 , 0 , 0 , 0
140 , 0 , 1000 , 68663.7 , 0 , 0 , 0
141 , 0 , 1000 , 68565 , 0 , 0 , 0
142 , 0 , 1000 , 68466.6 , 0 , 0 , 0
143 , 0 , 1000 , 68368.6 , 0 , 0 , 0
144 , 0 , 1000 , 68270.9 , 0 , 0 , 0
145 , 0 , 1000 , 68173.7 , 0 , 0 , 0
146 , 0 , 1000 , 68076.9 , 0 , 0 , 0
147 , 0 , 1000 , 67980.6 , 0 , 0 , 0
148 , 0 , 1000 , 67884.9 , 0 , 0 , 0
149 , 0 , 1000 , 67789.6 , 0 , 0 , 0
150 , 0 , 1000 , 67694.9 , 0 , 0 , 0
151 , 0 , 1000 , 67600.8 , 0 , 0 , 0
152 , 0 , 1000 , 67507.3 , 0 , 0 , 0
153 , 0 , 1000 , 67414.3 , 0 , 0 , 0
154 , 0 , 1000 , 67322 , 0 , 0 , 0
155 , 0 , 1000 , 67230.2 , 0 , 0 , 0
156 , 0 , 1000 , 67138.9 , 0 , 0 , 0
157 , 0 , 1000 , 67048.2 , 0 , 0 , 0
158 , 0 , 1000 , 66958 , 0 , 0 , 0
159 , 0 , 1000 , 66868.2 , 0 , 0 , 0
160 , 0 , 1000 , 66779 , 0 , 0 , 0
161 , 0 , 1000 , 66690.2 , 0 , 0 , 0
162 , 0 , 1000 , 66601.9 , 0 , 0 , 0
163 , 0 , 1000 , 66514.1 , 0 , 0 , 0
164 , 0 , 1000 , 66426.7 , 0 , 0 , 0
165 , 0 , 1000 , 66339.8 , 0 , 0 , 0
166 , 0 , 1000 , 66253.3 , 0 , 0 , 0
167 , 0 , 1000 , 66167.3 , 0 , 0 , 0
168 , 0 , 1000 , 66081.7 , 0 , 0 , 0
169 , 0 , 1000 , 65996.5 , 0 , 0 , 0
170 , 0 , 1000 , 65911.8 , 0 , 0 , 0
171 , 0 , 1000 , 65827.4 , 0 , 0 , 0
172 , 0 , 1000 , 65743.5 , 0 , 0 , 0
173 , 0 , 1000 , 65660 , 0 , 0 , 0
174 , 0 , 1000 , 65576.8 , 0 , 0 , 0
175 , 0 , 1000 , 65494 , 0 , 0 , 0
176 , 0 , 1000 , 65411.6 , 0 , 0 , 0
177 , 0 , 1000 , 65329.5 , 0 , 0 , 0
178 , 0 , 1000 , 65247.7 , 0 , 0 , 0
179 , 0 , 1000 , 65166.2 , 0 , 0 , 0
180 , 0 , 1000 , 65085.1 , 0 , 0 , 0
181 , 0 , 1000 , 65004.2 , 0 , 0 , 0
182 , 0 , 1000 , 64923.5 , 0 , 0 , 0
183 , 0 , 1000 , 64843.1 , 0 , 0 , 0
184 , 0 , 1000 , 64762.9 , 0 , 0 , 0
185 , 0 , 1000 , 64682.8 , 0 , 0 , 0
186 , 0 , 1000 , 64603 , 0 , 0 , 0
187 , 0 , 1000 , 64523.3 , 0 , 0 , 0
188 , 0 , 1000 , 64443.7 , 0 , 0 , 0
189 , 0 , 1000 , 64364.3 , 0 , 0 , 0
190 , 0 , 1000 , 64284.9 , 0 , 0 , 0
191 , 0 , 1000 , 64205.7 , 0 , 0 , 0
192 , 0 , 1000 , 64126.5 , 0 , 0 , 0
193 , 0 , 1000 , 64047.3 , 0 , 0 , 0
194 , 0 , 1000 , 63968.2 , 0 , 0 , 0
195 , 0 , 1000 , 63889.1 , 0 , 0 , 0
196 , 0 , 1000 , 63810.1 , 0 , 0 , 0
197 , 0 , 1000 , 63731 , 0 , 0 , 0
198 , 0 , 1000 , 63651.9 , 0 , 0 , 0
199 , 0 , 1000 , 63572.8 , 0 , 0 , 0
200 , 0 , 1000 , 63493.7 , 0 , 0 , 0
201 , 0 , 1000 , 63414.5 , 0 , 0 , 0
202 , 0 , 1000 , 63335.3 , 0 , 0 , 0
203 , 0 , 1000 , 63255.9 , 0 , 0 , 0
204 , 0 , 1000 , 63176.6 , 0 , 0 , 0
205 , 0 , 1000 , 63097.1 , 0 , 0 , 0
206 , 0 , 1000 , 63017.6 , 0 , 0 , 0
207 , 0 , 1000 , 62937.9 , 0 , 0 , 0
208 , 0 , 1000 , 62858.2 , 0 , 0 , 0
209 , 0 , 1000 , 62778.4 , 0 , 0 , 0
210 , 0 , 1000 , 62698.5 , 0 , 0 , 0
211 , 0 , 1000 , 62618.4 , 0 , 0 , 0
212 , 0 , 1000 , 62538.2 , 0 , 0 , 0
213 , 0 , 1000 , 62458 , 0 , 0 , 0
214 , 0 , 1000 , 62377.6 , 0 , 0 , 0
215 , 0 , 1000 , 62297.1 , 0 , 0 , 0
216 , 0 , 1000 , 62216.5 , 0 , 0 , 0
217 , 0 , 1000 , 62135.8 , 0 , 0 , 0
218 , 0 , 1000 , 62054.9 , 0 , 0 , 0
219 , 0 , 1000 , 61974 , 0 , 0 , 0
220 , 0 , 1000 , 61893 , 0 , 0 , 0
221 , 0 , 1000 , 61811.8 , 0 , 0 , 0
222 , 0 , 1000 , 61730.6 , 0 , 0 , 0
223 , 0 , 1000 , 61649.2 , 0 , 0 , 0
224 , 0 , 1000 , 61567.8 , 0 , 0 , 0
225 , 0 , 1000 , 61486.3 , 0 , 0 , 0
226 , 0 , 1000 , 61404.7 , 0 , 0 , 0
227 , 0 , 1000 , 61323.1 , 0 , 0 , 0
228 , 0 , 1000 , 61241.4 , 0 , 0 , 0
229 , 0 , 1000 , 61159.6 , 0 , 0 , 0
230 , 0 , 1000 , 61077.8 , 0 , 0 , 0
231 , 0 , 1000 , 60996 , 0 , 0 , 0
232 , 0 , 1000 , 60914.1 , 0 , 0 , 0
233 , 0 , 1000 , 60832.2 , 0 , 0 , 0
234 , 0 , 1000 , 60750.3 , 0 , 0 , 0
235 , 0 , 1000 , 60668.4 , 0 , 0 , 0
236 , 0 , 1000 , 60586.5 , 0 , 0 , 0
237 , 0 , 1000 , 60504.6 , 0 , 0 , 0
238 , 0 , 1000 , 60422.7 , 0 , 0 , 0
239 , 0 , 1000 , 60340.9 , 0 , 0 , 0
240 , 0 , 1000 , 60259.1 , 0 , 0 , 0
241 , 0 , 1000 , 60177.4 , 0 , 0 , 0
242 , 0 , 1000 , 60095.8 , 0 , 0 , 0
243 , 0 , 1000 , 60014.2 , 0 , 0 , 0
244 , 0 , 1000 , 59932.8 , 0 , 0 , 0
245 , 0 , 1000 , 59851.4 , 0 , 0 , 0
246 , 0 , 1000 , 59770.2 , 0 , 0 , 0
247 , 0 , 1000 , 59689.1 , 0 , 0 , 0
248 , 0 , 1000 , 59608.1 , 0 , 0 , 0
249 , 0 , 1000 , 59527.3 , 0 , 0 , 0
250 , 0 , 1000 , 59446.6 , 0 , 0 , 0
251 , 0 , 1000 , 59366.1 , 0 , 0 , 0
252 , 0 , 1000 , 59285.8 , 0 , 0 , 0
253 , 0 , 1000 , 59205.7 , 0 , 0 , 0
254 , 0 , 1000 , 59125.8 , 0 , 0 , 0
255 , 0 , 1000 , 59046.1 , 0 , 0 , 0
256 , 0 , 1000 , 58966.7 , 0 , 0 , 0
257 , 0 , 1000 , 58887.5 , 0 , 0 , 0
258 , 0 , 1000 , 58808.5 , 0 , 0 , 0
259 , 0 , 1000 , 58729.9 , 0 , 0 , 0
260 , 0 , 1000 , 58651.4 , 0 , 0 , 0
261 , 0 , 1000 , 58573.3 , 0 , 0 , 0
262 , 0 , 1000 , 58495.5 , 0 , 0 , 0
263 , 0 , 1000 , 58418 , 0 , 0 , 0
264 , 0 , 1000 , 58340.8 , 0 , 0 , 0
265 , 0 , 1000 , 58264 , 0 , 0 , 0
266 , 0 , 1000 , 58187.5 , 0 , 0 , 0
267 , 0 , 1000 , 58111.3 , 0 , 0 , 0
268 , 0 , 1000 , 58035.5 , 0 , 0 , 0
269 , 0 , 1000 , 57960.1 , 0 , 0 , 0
270 , 0 , 1000 , 57885 , 0 , 0 , 0
271 , 0 , 1000 , 57810.4 , 0 , 0 , 0
272 , 0 , 1000 , 57736.1 , 0 , 0 , 0
273 , 0 , 1000 , 57662.3 , 0 , 0 , 0
274 , 0 , 1000 , 57588.9 , 0 , 0 , 0
275 , 0 , 1000 , 57515.9 , 0 , 0 , 0
276 , 0 , 1000 , 57443.4 , 0 , 0 , 0
277 , 0 , 1000 , 57371.3 , 0 , 0 , 0
278 , 0 , 1000 , 57299.6 , 0 , 0 , 0
279 , 0 , 1000 , 57228.4 , 0 , 0 , 0
280 , 0 , 1000 , 57157.8 , 0 , 0 , 0
281 , 0 , 1000 , 57087.5 , 0 , 0 , 0
282 , 0 , 1000 , 57017.8 , 0 , 0 , 0
283 , 0 , 1000 , 56948.6 , 0 , 0 , 0
284 , 0 , 1000 , 56879.8 , 0 , 0 , 0
285 , 0 , 1000 , 56811.6 , 0 , 0 , 0
286 , 0 , 1000 , 56743.9 , 0 , 0 , 0
287 , 0 , 1000 , 56676.8 , 0 , 0 , 0
288 , 0 , 1000 , 56610.1 , 0 , 0 , 0
289 , 0 , 1000 , 56544 , 0 , 0 , 0
290 , 0 , 1000 , 56478.4 , 0 , 0 , 0
291 , 0 , 1000 , 56413.4 , 0 , 0 , 0
292 , 0 , 1000 , 56349 , 0 , 0 , 0
293 , 0 , 1000 , 56285.1 , 0 , 0 , 0
294 , 0 , 1000 , 56221.8 , 0 , 0 , 0
295 , 0 , 1000 , 56159 , 0 , 0 , 0
296 , 0 , 1000 , 56096.9 , 0 , 0 , 0
297 , 0 , 1000 , 56035.3 , 0 , 0 , 0
298 , 0 , 1000 , 55974.3 , 0 , 0 , 0
299 , 0 , 1000 , 55913.9 , 0 , 0 , 0
300 , 0 , 1000 , 55854.1 , 0 , 0 , 0
301 , 0 , 1000 , 55794.9 , 0 , 0 , 0
302 , 0 , 1000 , 55736.3 , 0 , 0 , 0
303 , 0 , 1000 , 55678.3 , 0 , 0 , 0
304 , 0 , 1000 , 55620.9 , 0 , 0 , 0
305 , 0 , 1000 , 55564.2 , 0 , 0 , 0
306 , 0 , 1000 , 55508 , 0 , 0 , 0
307 , 0 , 1000 , 55452.5 , 0 , 0 , 0
308 , 0 , 1000 , 55397.6 , 0 , 0 , 0
309 , 0 , 1000 , 55343.3 , 0 , 0 , 0
310 , 0 , 1000 , 55289.7 , 0 , 0 , 0
311 , 0 , 1000 , 55236.7 , 0 , 0 , 0
312 , 0 , 1000 , 55184.3 , 0 , 0 , 0
313 , 0 , 1000 , 55132.6 , 0 , 0 , 0
314 , 0 , 1000 , 55081.5 , 0 , 0 , 0
315 , 0 , 1000 , 55031.1 , 0 , 0 , 0
316 , 0 , 1000 , 54981.3 , 0 , 0 , 0
317 , 0 , 1000 , 54932.1 , 0 , 0 , 0
318 , 0 , 1000 , 54883.6 , 0 , 0 , 0
319 , 0 , 1000 , 54835.7 , 0 , 0 , 0
320 , 0 , 1000 , 54788.4 , 0 , 0 , 0
321 , 0 , 1000 , 54741.8 , 0 , 0 , 0
322 , 0 , 1000 , 54695.9 , 0 , 0 , 0
323 , 0 , 1000 , 54650.6 , 0 , 0 , 0
324 , 0 , 1000 , 54605.9 , 0 , 0 , 0
325 , 0 , 1000 , 54561.9 , 0 , 0 , 0
326 , 0 , 1000 , 54518.6 , 0 , 0 , 0
327 , 0 , 1000 , 54475.8 , 0 , 0 , 0
328 , 0 , 1000 , 54433.7 , 0 , 0 , 0
329 , 0 , 1000 , 54392.3 , 0 , 0 , 0
330 , 0 , 1000 , 54351.5 , 0 , 0 , 0
331 , 0 , 1000 , 54311.3 , 0 , 0 , 0
332 , 0 , 1000 , 54271.8 , 0 , 0 , 0
333 , 0 , 1000 , 54232.9 , 0 , 0 , 0
334 , 0 , 1000 , 54194.7 , 0 , 0 , 0
335 , 0 , 1000 , 54157.1 , 0 , 0 , 0
336 , 0 , 1000 , 54120.1 , 0 , 0 , 0
337 , 0 , 1000 , 54083.7 , 0 , 0 , 0
338 , 0 , 1000 , 54048 , 0 , 0 , 0
339 , 0 , 1000 , 54012.9 , 0 , 0 , 0
340 , 0 , 1000 , 53978.4 , 0 , 0 , 0
341 , 0 , 1000 , 53944.5 , 0 , 0 , 0
342 , 0 , 1000 , 53911.2 , 0 , 0 , 0
343 , 0 , 1000 , 53878.6 , 0 , 0 , 0
344 , 0 , 1000 , 53846.5 , 0 , 0 , 0
345 , 0 , 1000 , 53815.1 , 0 , 0 , 0
346 , 0 , 1000 , 53784.2 , 0 , 0 , 0
347 , 0 , 1000 , 53754 , 0 , 0 , 0
348 , 0 , 1000 , 53724.3 , 0 , 0 , 0
349 , 0 , 1000 , 53695.2 , 0 , 0 , 0
350 , 0 , 1000 , 53666.8 , 0 , 0 , 0
351 , 0 , 1000 , 53638.8 , 0 , 0 , 0
352 , 0 , 1000 , 53611.5 , 0 , 0 , 0
353 , 0 , 1000 , 53584.7 , 0 , 0 , 0
354 , 0 , 1000 , 53558.5 , 0 , 0 , 0
355 , 0 , 1000 , 53532.8 , 0 , 0 , 0
356 , 0 , 1000 , 53507.7 , 0 , 0 , 0
357 , 0 , 1000 , 53483.1 , 0 , 0 , 0
358 , 0 , 1000 , 53459.1 , 0 , 0 , 0
359 , 0 , 1000 , 53435.6 , 0 , 0 , 0
360 , 0 , 1000 , 53412.6 , 0 , 0 , 0
361 , 0 , 1000 , 53390.2 , 0 , 0 , 0
362 , 0 , 1000 , 53368.2 , 0 , 0 , 0
363 , 0 , 1000 , 53346.8 , 0 , 0 , 0
364 , 0 , 1000 , 53325.8 , 0 , 0 , 0
365 , 0 , 1000 , 53305.4 , 0 , 0 , 0
366 , 0 , 1000 , 53285.4 , 0 , 0 , 0
367 , 0 , 1000 , 53266 , 0 , 0 , 0
368 , 0 , 1000 , 53246.9 , 0 , 0 , 0
369 , 0 , 1000 , 53228.4 , 0 , 0 , 0
370 , 0 , 1000 , 53210.3 , 0 , 0 , 0
371 , 0 , 1000 , 53192.6 , 0 , 0 , 0
372 , 0 , 1000 , 53175.4 , 0 , 0 , 0
373 , 0 , 1000 , 53158.6 , 0 , 0 , 0
374 , 0 , 1000 , 53142.3 , 0 , 0 , 0
375 , 0 , 1000 , 53126.3 , 0 , 0 , 0
376 , 0 , 1000 , 53110.8 , 0 , 0 , 0
377 , 0 , 1000 , 53095.6 , 0 , 0 , 0
378 , 0 , 1000 , 53080.9 , 0 , 0 , 0
379 , 0 , 1000 , 53066.5 , 0 , 0 , 0
380 , 0 , 1000 , 53052.5 , 0 , 0 , 0
381 , 0 , 1000 , 53038.8 , 0 , 0 , 0
382 , 0 , 1000 , 53025.5 , 0 , 0 , 0
383 , 0 , 1000 , 53012.6 , 0 , 0 , 0
384 , 0 , 1000 , 52999.9 , 0 , 0 , 0
385 , 0 , 1000 , 52987.6 , 0 , 0 , 0
386 , 0 , 1000 , 52975.6 , 0 , 0 , 0
387 , 0 , 1000 , 52963.9 , 0 , 0 , 0
388 , 0 , 1000 , 52952.5 , 0 , 0 , 0
389 , 0 , 1000 , 52941.4 , 0 , 0 , 0
390 , 0 , 1000 , 52930.5 , 0 , 0 , 0
391 , 0 , 1000 , 52919.9 , 0 , 0 , 0
392 , 0 , 1000 , 52909.6 , 0 , 0 , 0
393 , 0 , 1000 , 52899.5 , 0 , 0 , 0
394 , 0 , 1000 , 52889.6 , 0 , 0 , 0
395 , 0 , 1000 , 52879.9 , 0 , 0 , 0
396 , 0 , 1000 , 52870.5 , 0 , 0 , 0
397 , 0 , 1000 , 52861.2 , 0 , 0 , 0
398 , 0 , 1000 , 52852.1 , 0 , 0 , 0
399 , 0 , 1000 , 52843.2 , 0 , 0 , 0
400 , 0 , 1000 , 52834.4 , 0 , 0 , 0
401 , 0 , 1000 , 52825.8 , 0 , 0 , 0
402 , 0 , 1000 , 52817.4 , 0 , 0 , 0
403 , 0 , 1000 , 52809 , 0 , 0 , 0
404 , 0 , 1000 , 52800.8 , 0 , 0 , 0
405 , 0 , 1000 , 52792.7 , 0 , 0 , 0
406 , 0 , 1000 , 52784.7 , 0 , 0 , 0
407 , 0 , 1000 , 52776.7 , 0 , 0 , 0
408 , 0 , 1000 , 52768.8 , 0 , 0 , 0
409 , 0 , 1000 , 52760.9 , 0 , 0 , 0
410 , 0 , 1000 , 52753.1 , 0 , 0 , 0
411 , 0 , 1000 , 52745.3 , 0 , 0 , 0
412 , 0 , 1000 , 52737.5 , 0 , 0 , 0
413 , 0 , 1000 , 52729.7 , 0 , 0 , 0
414 , 0 , 1000 , 52721.8 , 0 , 0 , 0
415 , 0 , 1000 , 52714 , 0 , 0 , 0
416 , 0 , 1000 , 52706.1 , 0 , 0 , 0
417 , 0 , 1000 , 52698.1 , 0 , 0 , 0
418 , 0 , 1000 , 52690 , 0 , 0 , 0
419 , 0 , 1000 , 52681.9 , 0 , 0 , 0
420 , 0 , 1000 , 52673.7 , 0 , 0 , 0
421 , 0 , 1000 , 52665.3 , 0 , 0 , 0
422 , 0 , 1000 , 52656.8 , 0 , 0 , 0
423 , 0 , 1000 , 52648.2 , 0 , 0 , 0
424 , 0 , 1000 , 52639.5 , 0 , 0 , 0
425 , 0 , 1000 , 52630.5 , 0 , 0 , 0
426 , 0 , 1000 , 52621.4 , 0 , 0 , 0
427 , 0 , 1000 , 52612.1 , 0 , 0 , 0
428 , 0 , 1000 , 52602.5 , 0 , 0 , 0
429 , 0 , 1000 , 52592.8 , 0 , 0 , 0
430 , 0 , 1000 , 52582.8 , 0 , 0 , 0
431 , 0 , 1000 , 52572.5 , 0 , 0 , 0
432 , 0 , 1000 , 52562 , 0 , 0 , 0
433 , 0 , 1000 , 52551.3 , 0 , 0 , 0
434 , 0 , 1000 , 52540.2 , 0 , 0 , 0
435 , 0 , 1000 , 52528.9 , 0 , 0 , 0
436 , 0 , 1000 , 52517.3 , 0 , 0 , 0
437 , 0 , 1000 , 52505.3 , 0 , 0 , 0
438 , 0 , 1000 , 52493.1 , 0 , 0 , 0
439 , 0 , 1000 , 52480.5 , 0 , 0 , 0
440 , 0 , 1000 , 52467.6 , 0 , 0 , 0
441 , 0 , 1000 , 52454.3 , 0 , 0 , 0
442 , 0 , 1000 , 52440.7 , 0 , 0 , 0
443 , 0 , 1000 , 52426.7 , 0 , 0 , 0
444 , 0 , 1000 , 52412.4 , 0 , 0 , 0
445 , 0 , 1000 , 52397.7 , 0 , 0 , 0
446 , 0 , 1000 , 52382.5 , 0 , 0 , 0
447 , 0 , 1000 , 52367 , 0 , 0 , 0
448 , 0 , 1000 , 52351.1 , 0 , 0 , 0
449 , 0 , 1000 , 52334.7 , 0 , 0 , 0
450 , 0 , 1000 , 52317.9 , 0 , 0 , 0
451 , 0 , 1000 , 52300.7 , 0 , 0 , 0
452 , 0 , 1000 , 52283 , 0 , 0 , 0
453 , 0 , 1000 , 52264.9 , 0 , 0 , 0
454 , 0 , 1000 , 52246.3 , 0 , 0 , 0
455 , 0 , 1000 , 52227.2 , 0 , 0 , 0
456 , 0 , 1000 , 52207.6 , 0 , 0 , 0
457 , 0 , 1000 , 52187.6 , 0 , 0 , 0
458 , 0 , 1000 , 52167 , 0 , 0 , 0
459 , 0 , 1000 , 52145.9 , 0 , 0 , 0
460 , 0 , 1000 , 52124.4 , 0 , 0 , 0
461 , 0 , 1000 , 52102.2 , 0 , 0 , 0
462 , 0 , 1000 , 52079.6 , 0 , 0 , 0
463 , 0 , 1000 , 52056.4 , 0 , 0 , 0
464 , 0 , 1000 , 52032.7 , 0 , 0 , 0
465 , 0 , 1000 , 52008.4 , 0 , 0 , 0
466 , 0 , 1000 , 51983.5 , 0 , 0 , 0
467 , 0 , 1000 , 51958.1 , 0 , 0 , 0
468 , 0 , 1000 , 51932 , 0 , 0 , 0
469 , 0 , 1000 , 51905.4 , 0 , 0 , 0
470 , 0 , 1000 , 51878.2 , 0 , 0 , 0
471 , 0 , 1000 , 51850.4 , 0 , 0 , 0
472 , 0 , 1000 , 51822 , 0 , 0 , 0
473 , 0 , 1000 , 51792.9 , 0 , 0 , 0
474 , 0 , 1000 , 51763.3 , 0 , 0 , 0
475 , 0 , 1000 , 51733 , 0 , 0 , 0
476 , 0 , 1000 , 51702 , 0 , 0 , 0
477 , 0 , 1000 , 51670.4 , 0 , 0 , 0
478 , 0 , 1000 , 51638.2 , 0 , 0 , 0
479 , 0 , 1000 , 51605.2 , 0 , 0 , 0
480 , 0 , 1000 , 51571.6 , 0 , 0 , 0
481 , 0 , 1000 , 51537.3 , 0 , 0 , 0
482 , 0 , 1000 , 51502.3 , 0 , 0 , 0
483 , 0 , 1000 , 51466.6 , 0 , 0 , 0
484 , 0 , 1000 , 51430.1 , 0 , 0 , 0
485 , 0 , 1000 , 51393 , 0 , 0 , 0
486 , 0 , 1000 , 51355.1 , 0 , 0 , 0
487 , 0 , 1000 , 51316.5 , 0 , 0 , 0
488 , 0 , 1000 , 51277.2 , 0 , 0 , 0
489 , 0 , 1000 , 51237.1 , 0 , 0 , 0
490 , 0 , 1000 , 51196.2 , 0 , 0 , 0
491 , 0 , 1000 , 51154.6 , 0 , 0 , 0
492 , 0 , 1000 , 51112.3 , 0 , 0 , 0
493 , 0 , 1000 , 51069.2 , 0 , 0 , 0
494 , 0 , 1000 , 51025.3 , 0 , 0 , 0
495 , 0 , 1000 , 50980.6 , 0 , 0 , 0
496 , 0 , 1000 , 50935.2 , 0 , 0 , 0
497 , 0 , 1000 , 50889 , 0 , 0 , 0
498 , 0 , 1000 , 50842.1 , 0 , 0 , 0
499 , 0 , 1000 , 50794.3 , 0 , 0 , 0
500 , 0 , 1000 , 50745.8 , 0 , 0 , 0
501 , 0 , 1000 , 50696.5 , 0 , 0 , 0
502 , 0 , 1000 , 50646.3 , 0 , 0 , 0
503 , 0 , 1000 , 50595.4 , 0 , 0 , 0
504 , 0 , 1000 , 50543.7 , 0 , 0 , 0
505 , 0 , 1000 , 50491.2 , 0 , 0 , 0
506 , 0 , 1000 , 50437.9 , 0 , 0 , 0
507 , 0 , 1000 , 50383.9 , 0 , 0 , 0
508 , 0 , 1000 , 50329 , 0 , 0 , 0
509 , 0 , 1000 , 50273.3 , 0 , 0 , 0
510 , 0 , 1000 , 50216.8 , 0 , 0 , 0
511 , 0 , 1000 , 50159.5 , 0 , 0 , 0
512 , 0 , 1000 , 50101.4 , 0 , 0 , 0
513 , 0 , 1000 , 50042.4 , 0 , 0 , 0
514 , 0 , 1000 , 49982.7 , 0 , 0 , 0
515 , 0 , 1000 , 49922.2 , 0 , 0 , 0
516 , 0 , 1000 , 49860.9 , 0 , 0 , 0
517 , 0 , 1000 , 49798.7 , 0 , 0 , 0
518 , 0 , 1000 , 49735.8 , 0 , 0 , 0
519 , 0 , 1000 , 49672 , 0 , 0 , 0
520 , 0 , 1000 , 49607.4 , 0 , 0 , 0
521 , 0 , 1000 , 49542 , 0 , 0 , 0
522 , 0 , 1000 , 49475.8 , 0 , 0 , 0
523 , 0 , 1000 , 49408.8 , 0 , 0 , 0
524 , 0 , 1000 , 49341 , 0 , 0 , 0
525 , 0 , 1000 , 49272.4 , 0 , 0 , 0
526 , 0 , 1000 , 49202.9 , 0 , 0 , 0
527 , 0 , 1000 , 49132.7 , 0 , 0 , 0
528 , 0 , 1000 , 49061.6 , 0 , 0 , 0
529 , 0 , 1000 , 48989.7 , 0 , 0 , 0
530 , 0 , 1000 , 48917 , 0 , 0 , 0
531 , 0 , 1000 , 48843.5 , 0 , 0 , 0
532 , 0 , 1000 , 48769.2 , 0 , 0 , 0
533 , 0 , 1000 , 48694.1 , 0 , 0 , 0
534 , 0 , 1000 , 48618.2 , 0 , 0 , 0
535 , 0 , 1000 , 48541.5 , 0 , 0 , 0
536 , 0 , 1000 , 48463.9 , 0 , 0 , 0
537 , 0 , 1000 , 48385.6 , 0 , 0 , 0
538 , 0 , 1000 , 48306.5 , 0 , 0 , 0
539 , 0 , 1000 , 48226.7 , 0 , 0 , 0
540 , 0 , 1000 , 48146 , 0 , 0 , 0
541 , 0 , 1000 , 48064.5 , 0 , 0 , 0
542 , 0 , 1000 , 47982.3 , 0 , 0 , 0
543 , 0 , 1000 , 47899.3 , 0 , 0 , 0
544 , 0 , 1000 , 47815.6 , 0 , 0 , 0
545 , 0 , 1000 , 47731 , 0 , 0 , 0
546 , 0 , 1000 , 47645.8 , 0 , 0 , 0
547 , 0 , 1000 , 47559.7 , 0 , 0 , 0
548 , 0 , 1000 , 47472.9 , 0 , 0 , 0
549 , 0 , 1000 , 47385.4 , 0 , 0 , 0
550 , 0 , 1000 , 47297.1 , 0 , 0 , 0
551 , 0 , 1000 , 47208.1 , 0 , 0 , 0
552 , 0 , 1000 , 47118.3 , 0 , 0 , 0
553 , 0 , 1000 , 47027.9 , 0 , 0 , 0
554 , 0 , 1000 , 46936.7 , 0 , 0 , 0
555 , 0 , 1000 , 46844.8 , 0 , 0 , 0
556 , 0 , 1000 , 46752.1 , 0 , 0 , 0
557 , 0 , 1000 , 46658.8 , 0 , 0 , 0
558 , 0 , 1000 , 46564.8 , 0 , 0 , 0
559 , 0 , 1000 , 46470 , 0 , 0 , 0
560 , 0 , 1000 , 46374.6 , 0 , 0 , 0
561 , 0 , 1000 , 46278.5 , 0 , 0 , 0
562 , 0 , 1000 , 46181.8 , 0 , 0 , 0
563 , 0 , 1000 , 46084.3 , 0 , 0 , 0
564 , 0 , 1000 , 45986.2 , 0 , 0 , 0
565 , 0 , 1000 , 45887.5 , 0 , 0 , 0
566 , 0 , 1000 , 45788.1 , 0 , 0 , 0
567 , 0 , 1000 , 45688 , 0 , 0 , 0
568 , 0 , 1000 , 45587.3 , 0 , 0 , 0
569 , 0 , 1000 , 45486 , 0 , 0 , 0
570 , 0 , 1000 , 45384.1 , 0 , 0 , 0
571 , 0 , 1000 , 45281.6 , 0 , 0 , 0
572 , 0 , 1000 , 45178.4 , 0 , 0 , 0
573 , 0 , 1000 , 45074.7 , 0 , 0 , 0
574 , 0 , 1000 , 44970.4 , 0 , 0 , 0
575 , 0 , 1000 , 44865.5 , 0 , 0 , 0
576 , 0 , 1000 , 44760 , 0 , 0 , 0
577 , 0 , 1000 , 44654 , 0 , 0 , 0
578 , 0 , 1000 , 44547.4 , 0 , 0 , 0
579 , 0 , 1000 , 44440.2 , 0 , 0 , 0
580 , 0 , 1000 , 44332.5 , 0 , 0 , 0
581 , 0 , 1000 , 44224.3 , 0 , 0 , 0
582 , 0 , 1000 , 44115.6 , 0 , 0 , 0
583 , 0 , 1000 , 44006.3 , 0 , 0 , 0
584 , 0 , 1000 , 43896.6 , 0 , 0 , 0
585 , 0 , 1000 , 43786.3 , 0 , 0 , 0
586 , 0 , 1000 , 43675.6 , 0 , 0 , 0
587 , 0 , 1000 , 43564.4 , 0 , 0 , 0
588 , 0 , 1000 , 43452.7 , 0 , 0 , 0
589 , 0 , 1000 , 43340.6 , 0 , 0 , 0
590 , 0 , 1000 , 43228 , 0 , 0 , 0
591 , 0 , 1000 , 43115 , 0 , 0 , 0
592 , 0 , 1000 , 43001.6 , 0 , 0 , 0
593 , 0 , 1000 , 42887.7 , 0 , 0 , 0
594 , 0 , 1000 , 42773.5 , 0 , 0 , 0
595 , 0 , 1000 , 42658.8 , 0 , 0 , 0
596 , 0 , 1000 , 42543.8 , 0 , 0 , 0
597 , 0 , 1000 , 42428.3 , 0 , 0 , 0
598 , 0 , 1000 , 42312.6 , 0 , 0 , 0
599 , 0 , 1000 , 42196.4 , 0 , 0 , 0
600 , 0 , 1000 , 42079.9 , 0 , 0 , 0
601 , 0 , 1000 , 41963.1 , 0 , 0 , 0
602 , 0 , 1000 , 41846 , 0 , 0 , 0
603 , 0 , 1000 , 41728.5 , 0 , 0 , 0
604 , 0 , 1000 , 41610.8 , 0 , 0 , 0
605 , 0 , 1000 , 41492.7 , 0 , 0 , 0
606 , 0 , 1000 , 41374.4 , 0 , 0 , 0
607 , 0 , 1000 , 41255.8 , 0 , 0 , 0
608 , 0 , 1000 , 41136.9 , 0 , 0 , 0
609 , 0 , 1000 , 41017.8 , 0 , 0 , 0
610 , 0 , 1000 , 40898.5 , 0 , 0 , 0
611 , 0 , 1000 , 40779 , 0 , 0 , 0
612 , 0 , 1000 , 40659.2 , 0 , 0 , 0
613 , 0 , 1000 , 40539.3 , 0 , 0 , 0
614 , 0 , 1000 , 40419.1 , 0 , 0 , 0
615 , 0 , 1000 , 40298.8 , 0 , 0 , 0
616 , 0 , 1000 , 40178.3 , 0 , 0 , 0
617 , 0 , 1000 , 40057.7 , 0 , 0 , 0
618 , 0 , 1000 , 39936.9 , 0 , 0 , 0
619 , 0 , 1000 , 39816 , 0 , 0 , 0
620 , 0 , 1000 , 39695 , 0 , 0 , 0
621 , 0 , 1000 , 39573.9 , 0 , 0 , 0
622 , 0 , 1000 , 39452.7 , 0 , 0 , 0
623 , 0 , 1000 , 39331.4 , 0 , 0 , 0
624 , 0 , 1000 , 39210 , 0 , 0 , 0
625 , 0 , 1000 , 39088.6 , 0 , 0 , 0
626 , 0 , 1000 , 38967.2 , 0 , 0 , 0
627 , 0 , 1000 , 38845.7 , 0 , 0 , 0
628 , 0 , 1000 , 38724.2 , 0 , 0 , 0
629 , 0 , 1000 , 38602.7 , 0 , 0 , 0
630 , 0 , 1000 , 38481.2 , 0 , 0 , 0
631 , 0 , 1000 , 38359.7 , 0 , 0 , 0
632 , 0 , 1000 , 38238.2 , 0 , 0 , 0
633 , 0 , 1000 , 38116.8 , 0 , 0 , 0
634 , 0 , 1000 , 37995.4 , 0 , 0 , 0
635 , 0 , 1000 , 37874.1 , 0 , 0 , 0
636 , 0 , 1000 , 37752.9 , 0 , 0 , 0
637 , 0 , 1000 , 37631.8 , 0 , 0 , 0
638 , 0 , 1000 , 37510.8 , 0 , 0 , 0
639 , 0 , 1000 , 37389.9 , 0 , 0 , 0
640 , 0 , 1000 , 37269.1 , 0 , 0 , 0
641 , 0 , 1000 , 37148.4 , 0 , 0 , 0
642 , 0 , 1000 , 37027.9 , 0 , 0 , 0
643 , 0 , 1000 , 36907.6 , 0 , 0 , 0
644 , 0 , 1000 , 36787.4 , 0 , 0 , 0
645 , 0 , 1000 , 36667.4 , 0 , 0 , 0
646 , 0 , 1000 , 36547.6 , 0 , 0 , 0
647 , 0 , 1000 , 36428 , 0 , 0 , 0
648 , 0 , 1000 , 36308.7 , 0 , 0 , 0
649 , 0 , 1000 , 36189.5 , 0 , 0 , 0
650 , 0 , 1000 , 36070.6 , 0 , 0 , 0
651 , 0 , 1000 , 35951.9 , 0 , 0 , 0
652 , 0 , 1000 , 35833.5 , 0 , 0 , 0
653 , 0 , 1000 , 35715.4 , 0 , 0 , 0
654 , 0 , 1000 , 35597.6 , 0 , 0 , 0
655 , 0 , 1000 , 35480 , 0 , 0 , 0
656 , 0 , 1000 , 35362.8 , 0 , 0 , 0
657 , 0 , 1000 , 35245.8 , 0 , 0 , 0
658 , 0 , 1000 , 35129.2 , 0 , 0 , 0
659 , 0 , 1000 , 35012.9 , 0 , 0 , 0
660 , 0 , 1000 , 34897 , 0 , 0 , 0
661 , 0 , 1000 , 34781.4 , 0 , 0 , 0
662 , 0 , 1000 , 34666.1 , 0 , 0 , 0
663 , 0 , 1000 , 34551.3 , 0 , 0 , 0
664 , 0 , 1000 , 34436.8 , 0 , 0 , 0
665 , 0 , 1000 , 34322.7 , 0 , 0 , 0
666 , 0 , 1000 , 34209 , 0 , 0 , 0
667 , 0 , 1000 , 34095.6 , 0 , 0 , 0
668 , 0 , 1000 , 33982.8 , 0 , 0 , 0
669 , 0 , 1000 , 33870.3 , 0 , 0 , 0
670 , 0 , 1000 , 33758.2 , 0 , 0 , 0
671 , 0 , 1000 , 33646.6 , 0 , 0 , 0
672 , 0 , 1000 , 33535.5 , 0 , 0 , 0
673 , 0 , 1000 , 33424.8 , 0 , 0 , 0
674 , 0 , 1000 , 33314.5 , 0 , 0 , 0
675 , 0 , 1000 , 33204.7 , 0 , 0 , 0
676 , 0 , 1000 , 33095.4 , 0 , 0 , 0
677 , 0 , 1000 , 32986.6 , 0 , 0 , 0
678 , 0 , 1000 , 32878.2 , 0 , 0 , 0
679 , 0 , 1000 , 32770.4 , 0 , 0 , 0
680 , 0 , 1000 , 32663 , 0 , 0 , 0
681 , 0 , 1000 , 32556.1 , 0 , 0 , 0
682 , 0 , 1000 , 32449.8 , 0 , 0 , 0
683 , 0 , 1000 , 32344 , 0 , 0 , 0
684 , 0 , 1000 , 32238.6 , 0 , 0 , 0
685 , 0 , 1000 , 32133.8 , 0 , 0 , 0
686 , 0 , 1000 , 32029.6 , 0 , 0 , 0
687 , 0 , 1000 , 31925.9 , 0 , 0 , 0
688 , 0 , 1000 , 31822.7 , 0 , 0 , 0
689 , 0 , 1000 , 31720 , 0 , 0 , 0
690 , 0 , 1000 , 31617.9 , 0 , 0 , 0
691 , 0 , 1000 , 31516.4 , 0 , 0 , 0
692 , 0 , 1000 , 31415.4 , 0 , 0 , 0
693 , 0 , 1000 , 31314.9 , 0 , 0 , 0
694 , 0 , 1000 , 31215.1 , 0 , 0 , 0
695 , 0 , 1000 , 31115.8 , 0 , 0 , 0
696 , 0 , 1000 , 31017 , 0 , 0 , 0
697 , 0 , 1000 , 30918.8 , 0 , 0 , 0
698 , 0 , 1000 , 30821.2 , 0 , 0 , 0
699 , 0 , 1000 , 30724.2 , 0 , 0 , 0
700 , 0 , 1000 , 30627.8 , 0 , 0 , 0
701 , 0 , 1000 , 30531.9 , 0 , 0 , 0
702 , 0 , 1000 , 30436.6 , 0 , 0 , 0
703 , 0 , 1000 , 30341.9 , 0 , 0 , 0
704 , 0 , 1000 , 30247.7 , 0 , 0 , 0
705 , 0 , 1000 , 30154.2 , 0 , 0 , 0
706 , 0 , 1000 , 30061.2 , 0 , 0 , 0
707 , 0 , 1000 , 29968.8 , 0 , 0 , 0
708 , 0 , 1000 , 29877 , 0 , 0 , 0
709 , 0 , 1000 , 29785.8 , 0 , 0 , 0
710 , 0 , 1000 , 29695.1 , 0 , 0 , 0
711 , 0 , 1000 , 29605.1 , 0 , 0 , 0
712 , 0 , 1000 , 29515.6 , 0 , 0 , 0
713 , 0 , 1000 , 29426.7 , 0 , 0 , 0
714 , 0 , 1000 , 29338.4 , 0 , 0 , 0
715 , 0 , 1000 , 29250.7 , 0 , 0 , 0
716 , 0 , 1000 , 29163.6 , 0 , 0 , 0
717 , 0 , 1000 , 29077 , 0 , 0 , 0
718 , 0 , 1000 , 28991 , 0 , 0 , 0
719 , 0 , 1000 , 28905.6 , 0 , 0 , 0
720 , 0 , 1000 , 28820.8 , 0 , 0 , 0
721 , 0 , 1000 , 28736.6 , 0 , 0 , 0
722 , 0 , 1000 , 28652.9 , 0 , 0 , 0
723 , 0 , 1000 , 28569.8 , 0 , 0 , 0
724 , 0 , 1000 , 28487.2 , 0 , 0 , 0
725 , 0 , 1000 , 28405.3 , 0 , 0 , 0
726 , 0 , 1000 , 28323.8 , 0 , 0 , 0
727 , 0 , 1000 , 28243 , 0 , 0 , 0
728 , 0 , 1000 , 28162.7 , 0 , 0 , 0
729 , 0 , 1000 , 28083 , 0 , 0 , 0
730 , 0 , 1000 , 28003.8 , 0 , 0 , 0
731 , 0 , 1000 , 27925.1 , 0 , 0 , 0
732 , 0 , 1000 , 27847 , 0 , 0 , 0
733 , 0 , 1000 , 27769.5 , 0 , 0 , 0
734 , 0 , 1000 , 27692.5 , 0 , 0 , 0
735 , 0 , 1000 , 27616 , 0 , 0 , 0
736 , 0 , 1000 , 27540 , 0 , 0 , 0
737 , 0 , 1000 , 27464.6 , 0 , 0 , 0
738 , 0 , 1000 , 27389.7 , 0 , 0 , 0
739 , 0 , 1000 , 27315.3 , 0 , 0 , 0
740 , 0 , 1000 , 27241.5 , 0 , 0 , 0
741 , 0 , 1000 , 27168.1 , 0 , 0 , 0
742 , 0 , 1000 , 27095.2 , 0 , 0 , 0
743 , 0 , 1000 , 27022.9 , 0 , 0 , 0
744 , 0 , 1000 , 26951 , 0 , 0 , 0
745 , 0 , 1000 , 26879.7 , 0 , 0 , 0
746 , 0 , 1000 , 26808.8 , 0 , 0 , 0
747 , 0 , 1000 , 26738.4 , 0 , 0 , 0
748 , 0 , 1000 , 26668.5 , 0 , 0 , 0
749 , 0 , 1000 , 26599.1 , 0 , 0 , 0
750 , 0 , 1000 , 26530.1 , 0 , 0 , 0
751 , 0 , 1000 , 26461.6 , 0 , 0 , 0
752 , 0 , 1000 , 26393.6 , 0 , 0 , 0
753 , 0 , 1000 , 26326 , 0 , 0 , 0
754 , 0 , 1000 , 26258.8 , 0 , 0 , 0
755 , 0 , 1000 , 26192.1 , 0 , 0 , 0
756 , 0 , 1000 , 26125.9 , 0 , 0 , 0
757 , 0 , 1000 , 26060 , 0 , 0 , 0
758 , 0 , 1000 , 25994.6 , 0 , 0 , 0
759 , 0 , 1000 , 25929.6 , 0 , 0 , 0
760 , 0 , 1000 , 25865.1 , 0 , 0 , 0
761 , 0 , 1000 , 25800.9 , 0 , 0 , 0
762 , 0 , 1000 , 25737.1 , 0 , 0 , 0
763 , 0 , 1000 , 25673.8 , 0 , 0 , 0
764 , 0 , 1000 , 25610.8 , 0 , 0 , 0
765 , 0 , 1000 , 25548.2 , 0 , 0 , 0
766 , 0 , 1000 , 25486 , 0 , 0 , 0
767 , 0 , 1000 , 25424.2 , 0 , 0 , 0
768 , 0 , 1000 , 25362.7 , 0 , 0 , 0
769 , 0 , 1000 , 25301.6 , 0 , 0 , 0
770 , 0 , 1000 , 25240.9 , 0 , 0 , 0
771 , 0 , 1000 , 25180.5 , 0 , 0 , 0
772 , 0 , 1000 , 25120.5 , 0 , 0 , 0
773 , 0 , 1000 , 25060.8 , 0 , 0 , 0
774 , 0 , 1000 , 25001.4 , 0 , 0 , 0
775 , 0 , 1000 , 24942.4 , 0 , 0 , 0
776 , 0 , 1000 , 24883.7 , 0 , 0 , 0
777 , 0 , 1000 , 24825.3 , 0 , 0 , 0
778 , 0 , 1000 , 24767.2 , 0 , 0 , 0
779 , 0 , 1000 , 24709.4 , 0 , 0 , 0
780 , 0 , 1000 , 24651.9 , 0 , 0 , 0
781 , 0 , 1000 , 24594.7 , 0 , 0 , 0
782 , 0 , 1000 , 24537.8 , 0 , 0 , 0
783 , 0 , 1000 , 24481.2 , 0 , 0 , 0
784 , 0 , 1000 , 24424.9 , 0 , 0 , 0
785 , 0 , 1000 , 24368.8 , 0 , 0 , 0
786 , 0 , 1000 , 24313 , 0 , 0 , 0
787 , 0 , 1000 , 24257.4 , 0 , 0 , 0
788 , 0 , 1000 , 24202.1 , 0 , 0 , 0
789 , 0 , 1000 , 24147 , 0 , 0 , 0
790 , 0 , 1000 , 24092.2 , 0 , 0 , 0
791 , 0 , 1000 , 24037.6 , 0 , 0 , 0
792 , 0 , 1000 , 23983.3 , 0 , 0 , 0
793 , 0 , 1000 , 23929.1 , 0 , 0 , 0
794 , 0 , 1000 , 23875.2 , 0 , 0 , 0
795 , 0 , 1000 , 23821.5 , 0 , 0 , 0
796 , 0 , 1000 , 23768 , 0 , 0 , 0
797 , 0 , 1000 , 23714.7 , 0 , 0 , 0
798 , 0 , 1000 , 23661.6 , 0 , 0 , 0
799 , 0 , 1000 , 23608.7 , 0 , 0 , 0
800 , 0 , 1000 , 23556 , 0 , 0 , 0
801 , 0 , 1000 , 23503.5 , 0 , 0 , 0
802 , 0 , 1000 , 23451.1 , 0 , 0 , 0
803 , 0 , 1000 , 23398.9 , 0 , 0 , 0
804 , 0 , 1000 , 23346.9 , 0 , 0 , 0
805 , 0 , 1000 , 23295 , 0 , 0 , 0
806 , 0 , 1000 , 23243.3 , 0 , 0 , 0
807 , 0 , 1000 , 23191.7 , 0 , 0 , 0
808 , 0 , 1000 , 23140.3 , 0 , 0 , 0
809 , 0 , 1000 , 23089 , 0 , 0 , 0
810 , 0 , 1000 , 23037.9 , 0 , 0 , 0
811 , 0 , 1000 , 22986.8 , 0 , 0 , 0
812 , 0 , 1000 , 22935.9 , 0 , 0 , 0
813 , 0 , 1000 , 22885.2 , 0 , 0 , 0
814 , 0 , 1000 , 22834.5 , 0 , 0 , 0
815 , 0 , 1000 , 22784 , 0 , 0 , 0
816 , 0 , 1000 , 22733.5 , 0 , 0 , 0
817 , 0 , 1000 , 22683.2 , 0 , 0 , 0
818 , 0 , 1000 , 22632.9 , 0 , 0 , 0
819 , 0 , 1000 , 22582.8 , 0 , 0 , 0
820 , 0 , 1000 , 22532.8 , 0 , 0 , 0
821 , 0 , 1000 , 22482.8 , 0 , 0 , 0
822 , 0 , 1000 , 22432.9 , 0 , 0 , 0
823 , 0 , 1000 , 22383.1 , 0 , 0 , 0
824 , 0 , 1000 , 22333.4 , 0 , 0 , 0
825 , 0 , 1000 , 22283.7 , 0 , 0 , 0
826 , 0 , 1000 , 22234.1 , 0 , 0 , 0
827 , 0 , 1000 , 22184.6 , 0 , 0 , 0
828 , 0 , 1000 , 22135.1 , 0 , 0 , 0
829 , 0 , 1000 , 22085.7 , 0 , 0 , 0
830 , 0 , 1000 , 22036.3 , 0 , 0 , 0
831 , 0 , 1000 , 21987 , 0 , 0 , 0
832 , 0 , 1000 , 21937.8 , 0 , 0 , 0
833 , 0 , 1000 , 21888.5 , 0 , 0 , 0
834 , 0 , 1000 , 21839.4 , 0 , 0 , 0
835 , 0 , 1000 , 21790.2 , 0 , 0 , 0
836 , 0 , 1000 , 21741.1 , 0 , 0 , 0
837 , 0 , 1000 , 21692 , 0 , 0 , 0
838 , 0 , 1000 , 21642.9 , 0 , 0 , 0
839 , 0 , 1000 , 21593.9 , 0 , 0 , 0
840 , 0 , 1000 , 21544.9 , 0 , 0 , 0
841 , 0 , 1000 , 21495.9 , 0 , 0 , 0
842 , 0 , 1000 , 21446.9 , 0 , 0 , 0
843 , 0 , 1000 , 21398 , 0 , 0 , 0
844 , 0 , 1000 , 21349 , 0 , 0 , 0
845 , 0 , 1000 , 21300.1 , 0 , 0 , 0
846 , 0 , 1000 , 21251.1 , 0 , 0 , 0
847 , 0 , 1000 , 21202.2 , 0 , 0 , 0
848 , 0 , 1000 , 21153.2 , 0 , 0 , 0
849 , 0 , 1000 , 21104.3 , 0 , 0 , 0
850 , 0 , 1000 , 21055.4 , 0 , 0 , 0
851 , 0 , 1000 , 21006.4 , 0 , 0 , 0
852 , 0 , 1000 , 20957.5 , 0 , 0 , 0
853 , 0 , 1000 , 20908.5 , 0 , 0 , 0
854 , 0 , 1000 , 20859.5 , 0 , 0 , 0
855 , 0 , 1000 , 20810.5 , 0 , 0 , 0
856 , 0 , 1000 , 20761.5 , 0 , 0 , 0
857 , 0 , 1000 , 20712.5 , 0 , 0 , 0
858 , 0 , 1000 , 20663.5 , 0 , 0 , 0
859 , 0 , 1000 , 20614.4 , 0 , 0 , 0
860 , 0 , 1000 , 20565.3 , 0 , 0 , 0
861 , 0 , 1000 , 20516.2 , 0 , 0 , 0
862 , 0 , 1000 , 20467.1 , 0 , 0 , 0
863 , 0 , 1000 , 20417.9 , 0 , 0 , 0
864 , 0 , 1000 , 20368.7 , 0 , 0 , 0
865 , 0 , 1000 , 20319.5 , 0 , 0 , 0
866 , 0 , 1000 , 20270.3 , 0 , 0 , 0
867 , 0 , 1000 , 20221 , 0 , 0 , 0
868 , 0 , 1000 , 20171.7 , 0 , 0 , 0
869 , 0 , 1000 , 20122.3 , 0 , 0 , 0
870 , 0 , 1000 , 20073 , 0 , 0 , 0
871 , 0 , 1000 , 20023.6 , 0 , 0 , 0
872 , 0 , 1000 , 19974.1 , 0 , 0 , 0
873 , 0 , 1000 , 19924.6 , 0 , 0 , 0
874 , 0 , 1000 , 19875.1 , 0 , 0 , 0
875 , 0 , 1000 , 19825.5 , 0 , 0 , 0
876 , 0 , 1000 , 19775.9 , 0 , 0 , 0
877 , 0 , 1000 , 19726.2 , 0 , 0 , 0
878 , 0 , 1000 , 19676.5 , 0 , 0 , 0
879 , 0 , 1000 , 19626.8 , 0 , 0 , 0
880 , 0 , 1000 , 19577 , 0 , 0 , 0
881 , 0 , 1000 , 19527.2 , 0 , 0 , 0
882 , 0 , 1000 , 19477.3 , 0 , 0 , 0
883 , 0 , 1000 , 19427.4 , 0 , 0 , 0
884 , 0 , 1000 , 19377.4 , 0 , 0 , 0
885 , 0 , 1000 , 19327.4 , 0 , 0 , 0
886 , 0 , 1000 , 19277.3 , 0 , 0 , 0
887 , 0 , 1000 , 19227.2 , 0 , 0 , 0
888 , 0 , 1000 , 19177 , 0 , 0 , 0
889 , 0 , 1000 , 19126.8 , 0 , 0 , 0
890 , 0 , 1000 , 19076.5 , 0 , 0 , 0
891 , 0 , 1000 , 19026.2 , 0 , 0 , 0
892 , 0 , 1000 , 18975.9 , 0 , 0 , 0
893 , 0 , 1000 , 18925.5 , 0 , 0 , 0
894 , 0 , 1000 , 18875 , 0 , 0 , 0
895 , 0 , 1000 , 18824.5 , 0 , 0 , 0
896 , 0 , 1000 , 18773.9 , 0 , 0 , 0
897 , 0 , 1000 , 18723.3 , 0 , 0 , 0
898 , 0 , 1000 , 18672.6 , 0 , 0 , 0
899 , 0 , 1000 , 18621.9 , 0 , 0 , 0
900 , 0 , 1000 , 18571.1 , 0 , 0 , 0
901 , 0 , 1000 , 18520.3 , 0 , 0 , 0
902 , 0 , 1000 , 18469.4 , 0 , 0 , 0
903 , 0 , 1000 , 18418.5 , 0 , 0 , 0
904 , 0 , 1000 , 18367.5 , 0 , 0 , 0
905 , 0 , 1000 , 18316.5 , 0 , 0 , 0
906 , 0 , 1000 , 18265.4 , 0 , 0 , 0
907 , 0 , 1000 , 18214.3 , 0 , 0 , 0
908 , 0 , 1000 , 18163.1 , 0 , 0 , 0
909 , 0 , 1000 , 18111.8 , 0 , 0 , 0
910 , 0 , 1000 , 18060.6 , 0 , 0 , 0
911 , 0 , 1000 , 18009.2 , 0 , 0 , 0
912 , 0 , 1000 , 17957.8 , 0 , 0 , 0
913 , 0 , 1000 , 17906.4 , 0 , 0 , 0
914 , 0 , 1000 , 17854.9 , 0 , 0 , 0
915 , 0 , 1000 , 17803.3 , 0 , 0 , 0
916 , 0 , 1000 , 17751.7 , 0 , 0 , 0
917 , 0 , 1000 , 17700.1 , 0 , 0 , 0
918 , 0 , 1000 , 17648.4 , 0 , 0 , 0
919 , 0 , 1000 , 17596.7 , 0 , 0 , 0
920 , 0 , 1000 , 17544.9 , 0 , 0 , 0
921 , 0 , 1000 , 17493 , 0 , 0 , 0
922 , 0 , 1000 , 17441.1 , 0 , 0 , 0
923 , 0 , 1000 , 17389.2 , 0 , 0 , 0
924 , 0 , 1000 , 17337.2 , 0 , 0 , 0
925 , 0 , 1000 , 17285.2 , 0 , 0 , 0
926 , 0 , 1000 , 17233.1 , 0 , 0 , 0
927 , 0 , 1000 , 17181 , 0 , 0 , 0
928 , 0 , 1000 , 17128.8 , 0 , 0 , 0
929 , 0 , 1000 , 17076.6 , 0 , 0 , 0
930 , 0 , 1000 , 17024.3 , 0 , 0 , 0
931 , 0 , 1000 , 16972 , 0 , 0 , 0
932 , 0 , 1000 , 16919.6 , 0 , 0 , 0
933 , 0 , 1000 , 16867.2 , 0 , 0 , 0
934 , 0 , 1000 , 16814.8 , 0 , 0 , 0
935 , 0 , 1000 , 16762.3 , 0 , 0 , 0
936 , 0 , 1000 , 16709.7 , 0 , 0 , 0
937 , 0 , 1000 , 16657.2 , 0 , 0 , 0
938 , 0 , 1000 , 16604.5 , 0 , 0 , 0
939 , 0 , 1000 , 16551.9 , 0 , 0 , 0
940 , 0 , 1000 , 16499.2 , 0 , 0 , 0
941 , 0 , 1000 , 16446.4 , 0 , 0 , 0
942 , 0 , 1000 , 16393.6 , 0 , 0 , 0
943 , 0 , 1000 , 16340.8 , 0 , 0 , 0
944 , 0 , 1000 , 16287.9 , 0 , 0 , 0
945 , 0 , 1000 , 16235 , 0 , 0 , 0
946 , 0 , 1000 , 16182.1 , 0 , 0 , 0
947 , 0 , 1000 , 16129.1 , 0 , 0 , 0
948 , 0 , 1000 , 16076.1 , 0 , 0 , 0
949 , 0 , 1000 , 16023 , 0 , 0 , 0
950 , 0 , 1000 , 15969.9 , 0 , 0 , 0
951 , 0 , 1000 , 15916.8 , 0 , 0 , 0
952 , 0 , 1000 , 15863.6 , 0 , 0 , 0
953 , 0 , 1000 , 15810.4 , 0 , 0 , 0
954 , 0 , 1000 , 15757.2 , 0 , 0 , 0
955 , 0 , 1000 , 15703.9 , 0 , 0 , 0
956 , 0 , 1000 , 15650.6 , 0 , 0 , 0
957 , 0 , 1000 , 15597.3 , 0 , 0 , 0
958 , 0 , 1000 , 15543.9 , 0 , 0 , 0
959 , 0 , 1000 , 15490.5 , 0 , 0 , 0
960 , 0 , 1000 , 15437.1 , 0 , 0 , 0
961 , 0 , 1000 , 15383.6 , 0 , 0 , 0
962 , 0 , 1000 , 15330.1 , 0 , 0 , 0
963 , 0 , 1000 , 15276.6 , 0 , 0 , 0
964 , 0 , 1000 , 15223.1 , 0 , 0 , 0
965 , 0 , 1000 , 15169.5 , 0 , 0 , 0
966 , 0 , 1000 , 15115.9 , 0 , 0 , 0
967 , 0 , 1000 , 15062.2 , 0 , 0 , 0
968 , 0 , 1000 , 15008.6 , 0 , 0 , 0
969 , 0 , 1000 , 14954.9 , 0 , 0 , 0
970 , 0 , 1000 , 14901.2 , 0 , 0 , 0
971 , 0 , 1000 , 14847.4 , 0 , 0 , 0
972 , 0 , 1000 , 14793.7 , 0 , 0 , 0
973 , 0 , 1000 , 14739.9 , 0 , 0 , 0
974 , 0 , 1000 , 14686.1 , 0 , 0 , 0
975 , 0 , 1000 , 14632.2 , 0 , 0 , 0
976 , 0 , 1000 , 14578.4 , 0 , 0 , 0
977 , 0 , 1000 , 14524.5 , 0 , 0 , 0
978 , 0 , 1000 , 14470.6 , 0 , 0 , 0
979 , 0 , 1000 , 14416.7 , 0 , 0 , 0
980 , 0 , 1000 , 14362.8 , 0 , 0 , 0
981 , 0 , 1000 , 14308.8 , 0 , 0 , 0
982 , 0 , 1000 , 14254.8 , 0 , 0 , 0
983 , 0 , 1000 , 14200.8 , 0 , 0 , 0
984 , 0 , 1000 , 14146.8 , 0 , 0 , 0
985 , 0 , 1000 , 14092.8 , 0 , 0 , 0
986 , 0 , 1000 , 14038.7 , 0 , 0 , 0
987 , 0 , 1000 , 13984.7 , 0 , 0 , 0
988 , 0 , 1000 , 13930.6 , 0 , 0 , 0
989 , 0 , 1000 , 13876.5 , 0 , 0 , 0
990 , 0 , 1000 , 13822.4 , 0 , 0 , 0
991 , 0 , 1000 , 13768.3 , 0 , 0 , 0
992 , 0 , 1000 , 13714.1 , 0 , 0 , 0
993 , 0 , 1000 , 13660 , 0 , 0 , 0
994 , 0 , 1000 , 13605.8 , 0 , 0 , 0
995 , 0 , 1000 , 13551.7 , 0 , 0 , 0
996 , 0 , 1000 , 13497.5 , 0 , 0 , 0
997 , 0 , 1000 , 13443.3 , 0 , 0 , 0
998 , 0 , 1000 , 13389.1 , 0 , 0 , 0
999 , 0 , 1000 , 13334.9 , 0 , 0 , 0
1000 , 0 , 1000 , 13280.7 , 0 , 0 , 0
1001 , 0 , 1000 , 13226.5 , 0 , 0 , 0
1002 , 0 , 1000 , 13172.2 , 0 , 0 , 0
1003 , 0 , 1000 , 13118 , 0 , 0 , 0
1004 , 0 , 1000 , 13063.8 , 0 , 0 , 0
1005 , 0 , 1000 , 13009.5 , 0 , 0 , 0
1006 , 0 , 1000 , 12955.3 , 0 , 0 , 0
1007 , 0 , 1000 , 12901 , 0 , 0 , 0
1008 , 0 , 1000 , 12846.8 , 0 , 0 , 0
1009 , 0 , 1000 , 12792.5 , 0 , 0 , 0
1010 , 0 , 1000 , 12738.3 , 0 , 0 , 0
1011 , 0 , 1000 , 12684 , 0 , 0 , 0
1012 , 0 , 1000 , 12629.7 , 0 , 0 , 0
1013 , 0 , 1000 , 12575.5 , 0 , 0 , 0
1014 , 0 , 1000 , 12521.2 , 0 , 0 , 0
1015 , 0 , 1000 , 12467 , 0 , 0 , 0
1016 , 0 , 1000 , 12412.7 , 0 , 0 , 0
1017 , 0 , 1000 , 12358.5 , 0 , 0 , 0
1018 , 0 , 1000 , 12304.2 , 0 , 0 , 0
1019 , 0 , 1000 , 12250 , 0 , 0 , 0
1020 , 0 , 1000 , 12195.7 , 0 , 0 , 0
1021 , 0 , 1000 , 12141.5 , 0 , 0 , 0
1022 , 0 , 1000 , 12087.3 , 0 , 0 , 0
1023 , 0 , 1000 , 12033.1 , 0 , 0 , 0
1024 , 0 , 1000 , 11978.9 , 0 , 0 , 0
1025 , 0 , 1000 , 11924.7 , 0 , 0 , 0
1026 , 0 , 1000 , 11870.5 , 0 , 0 , 0
1027 , 0 , 1000 , 11816.3 , 0 , 0 , 0
1028 , 0 , 1000 , 11762.1 , 0 , 0 , 0
1029 , 0 , 1000 , 11708 , 0 , 0 , 0
1030 , 0 , 1000 , 11653.8 , 0 , 0 , 0
1031 , 0 , 1000 , 11599.7 , 0 , 0 , 0
1032 , 0 , 1000 , 11545.6 , 0 , 0 , 0
1033 , 0 , 1000 , 11491.5 , 0 , 0 , 0
1034 , 0 , 1000 , 11437.4 , 0 , 0 , 0
1035 , 0 , 1000 , 11383.3 , 0 , 0 , 0
1036 , 0 , 1000 , 11329.3 , 0 , 0 , 0
1037 , 0 , 1000 , 11275.3 , 0 , 0 , 0
1038 , 0 , 1000 , 11221.3 , 0 , 0 , 0
1039 , 0 , 1000 , 11167.3 , 0 , 0 , 0
1040 , 0 , 1000 , 11113.3 , 0 , 0 , 0
1041 , 0 , 1000 , 11059.4 , 0 , 0 , 0
1042 , 0 , 1000 , 11005.4 , 0 , 0 , 0
1043 , 0 , 1000 , 10951.5 , 0 , 0 , 0
1044 , 0 , 1000 , 10897.7 , 0 , 0 , 0
1045 , 0 , 1000 , 10843.8 , 0 , 0 , 0
1046 , 0 , 1000 , 10790 , 0 , 0 , 0
1047 , 0 , 1000 , 10736.2 , 0 , 0 , 0
1048 , 0 , 1000 , 10682.4 , 0 , 0 , 0
1049 , 0 , 1000 , 10628.7 , 0 , 0 , 0
1050 , 0 , 1000 , 10575 , 0 , 0 , 0
1051 , 0 , 1000 , 10521.3 , 0 , 0 , 0
1052 , 0 , 1000 , 10467.7 , 0 , 0 , 0
1053 , 0 , 1000 , 10414.1 , 0 , 0 , 0
1054 , 0 , 1000 , 10360.5 , 0 , 0 , 0
1055 , 0 , 1000 , 10307 , 0 , 0 , 0
1056 , 0 , 1000 , 10253.5 , 0 , 0 , 0
1057 , 0 , 1000 , 10200.1 , 0 , 0 , 0
1058 , 0 , 1000 , 10146.7 , 0 , 0 , 0
1059 , 0 , 1000 , 10093.3 , 0 , 0 , 0
1060 , 0 , 1000 , 10040 , 0 , 0 , 0
1061 , 0 , 1000 , 9986.67 , 0 , 0 , 0
1062 , 0 , 1000 , 9933.42 , 0 , 0 , 0
1063 , 0 , 1000 , 9880.23 , 0 , 0 , 0
1064 , 0 , 1000 , 9827.07 , 0 , 0 , 0
1065 , 0 , 1000 , 9773.97 , 0 , 0 , 0
1066 , 0 , 1000 , 9720.92 , 0 , 0 , 0
1067 , 0 , 1000 , 9667.91 , 0 , 0 , 0
1068 , 0 , 1000 , 9614.96 , 0 , 0 , 0
1069 , 0 , 1000 , 9562.05 , 0 , 0 , 0
1070 , 0 , 1000 , 9509.21 , 0 , 0 , 0
1071 , 0 , 1000 , 9456.41 , 0 , 0 , 0
1072 , 0 , 1000 , 9403.68 , 0 , 0 , 0
1073 , 0 , 1000 , 9351 , 0 , 0 , 0
1074 , 0 , 1000 , 9298.38 , 0 , 0 , 0
1075 , 0 , 1000 , 9245.82 , 0 , 0 , 0
1076 , 0 , 1000 , 9193.32 , 0 , 0 , 0
1077 , 0 , 1000 , 9140.89 , 0 , 0 , 0
1078 , 0 , 1000 , 9088.51 , 0 , 0 , 0
1079 , 0 , 1000 , 9036.21 , 0 , 0 , 0
1080 , 0 , 1000 , 8983.97 , 0 , 0 , 0
1081 , 0 , 1000 , 8931.8 , 0 , 0 , 0
1082 , 0 , 1000 , 8879.7 , 0 , 0 , 0
1083 , 0 , 1000 , 8827.66 , 0 , 0 , 0
1084 , 0 , 1000 , 8775.7 , 0 , 0 , 0
1085 , 0 , 1000 , 8723.82 , 0 , 0 , 0
1086 , 0 , 1000 , 8672.01 , 0 , 0 , 0
1087 , 0 , 1000 , 8620.27 , 0 , 0 , 0
1088 , 0 , 1000 , 8568.62 , 0 , 0 , 0
1089 , 0 , 1000 , 8517.04 , 0 , 0 , 0
1090 , 0 , 1000 , 8465.54 , 0 , 0 , 0
1091 , 0 , 1000 , 8414.12 , 0 , 0 , 0
1092 , 0 , 1000 , 8362.79 , 0 , 0 , 0
1093 , 0 , 1000 , 8311.54 , 0 , 0 , 0
1094 , 0 , 1000 , 8260.37 , 0 , 0 , 0
1095 , 0 , 1000 , 8209.29 , 0 , 0 , 0
1096 , 0 , 1000 , 8158.31 , 0 , 0 , 0
1097 , 0 , 1000 , 8107.41 , 0 , 0 , 0
1098 , 0 , 1000 , 8056.6 , 0 , 0 , 0
1099 , 0 , 1000 , 8005.88 , 0 , 0 , 0
1100 , 0 , 1000 , 7955.26 , 0 , 0 , 0
1101 , 0 , 1000 , 7904.74 , 0 , 0 , 0
1102 , 0 , 1000 , 7854.31 , 0 , 0 , 0
1103 , 0 , 1000 , 7803.98 , 0 , 0 , 0
1104 , 0 , 1000 , 7753.75 , 0 , 0 , 0
1105 , 0 , 1000 , 7703.63 , 0 , 0 , 0
1106 , 0 , 1000 , 7653.6 , 0 , 0 , 0
1107 , 0 , 1000 , 7603.68 , 0 , 0 , 0
1108 , 0 , 1000 , 7553.87 , 0 , 0 , 0
1109 , 0 , 1000 , 7504.16 , 0 , 0 , 0
1110 , 0 , 1000 , 7454.57 , 0 , 0 , 0
1111 , 0 , 1000 , 7405.08 , 0 , 0 , 0
1112 , 0 , 1000 , 7355.71 , 0 , 0 , 0
1113 , 0 , 1000 , 7306.44 , 0 , 0 , 0
1114 , 0 , 1000 , 7257.3 , 0 , 0 , 0
1115 , 0 , 1000 , 7208.27 , 0 , 0 , 0
1116 , 0 , 1000 , 7159.35 , 0 , 0 , 0
1117 , 0 , 1000 , 7110.56 , 0 , 0 , 0
1118 , 0 , 1000 , 7061.89 , 0 , 0 , 0
1119 , 0 , 1000 , 7013.33 , 0 , 0 , 0
1120 , 0 , 1000 , 6964.9 , 0 , 0 , 0
1121 , 0 , 1000 , 6916.6 , 0 , 0 , 0
1122 , 0 , 1000 , 6868.42 , 0 , 0 , 0
1123 , 0 , 1000 , 6820.37 , 0 , 0 , 0
1124 , 0 , 1000 , 6772.44 , 0 , 0 , 0
1125 , 0 , 1000 , 6724.65 , 0 , 0 , 0
1126 , 0 , 1000 , 6676.99 , 0 , 0 , 0
1127 , 0 , 1000 , 6629.46 , 0 , 0 , 0
1128 , 0 , 1000 , 6582.06 , 0 , 0 , 0
1129 , 0 , 1000 , 6534.8 , 0 , 0 , 0
1130 , 0 , 1000 , 6487.68 , 0 , 0 , 0
1131 , 0 , 1000 , 6440.69 , 0 , 0 , 0
1132 , 0 , 1000 , 6393.85 , 0 , 0 , 0
1133 , 0 , 1000 , 6347.14 , 0 , 0 , 0
1134 , 0 , 1000 , 6300.58 , 0 , 0 , 0
1135 , 0 , 1000 , 6254.16 , 0 , 0 , 0
1136 , 0 , 1000 , 6207.89 , 0 , 0 , 0
1137 , 0 , 1000 , 6161.77 , 0 , 0 , 0
1138 , 0 , 1000 , 6115.79 , 0 , 0 , 0
1139 , 0 , 1000 , 6069.96 , 0 , 0 , 0
1140 , 0 , 1000 , 6024.28 , 0 , 0 , 0
1141 , 0 , 1000 , 5978.76 , 0 , 0 , 0
1142 , 0 , 1000 , 5933.38 , 0 , 0 , 0
1143 , 0 , 1000 , 5888.17 , 0 , 0 , 0
1144 , 0 , 1000 , 5843.11 , 0 , 0 , 0
1145 , 0 , 1000 , 5798.2 , 0 , 0 , 0
1146 , 0 , 1000 , 5753.46 , 0 , 0 , 0
1147 , 0 , 1000 , 5708.87 , 0 , 0 , 0
1148 , 0 , 1000 , 5664.45 , 0 , 0 , 0
1149 , 0 , 1000 , 5620.19 , 0 , 0 , 0
1150 , 0 , 1000 , 5576.09 , 0 , 0 , 0
1151 , 0 , 1000 , 5532.16 , 0 , 0 , 0
1152 , 0 , 1000 , 5488.4 , 0 , 0 , 0
1153 , 0 , 1000 , 5444.8 , 0 , 0 , 0
1154 , 0 , 1000 , 5401.37 , 0 , 0 , 0
1155 , 0 , 1000 , 5358.12 , 0 , 0 , 0
1156 , 0 , 1000 , 5315.03 , 0 , 0 , 0
1157 , 0 , 1000 , 5272.12 , 0 , 0 , 0
1158 , 0 , 1000 , 5229.38 , 0 , 0 , 0
1159 , 0 , 1000 , 5186.81 , 0 , 0 , 0
1160 , 0 , 1000 , 5144.42 , 0 , 0 , 0
1161 , 0 , 1000 , 5102.2 , 0 , 0 , 0
1162 , 0 , 1000 , 5060.17 , 0 , 0 , 0
1163 , 0 , 1000 , 5018.31 , 0 , 0 , 0
1164 , 0 , 1000 , 4976.64 , 0 , 0 , 0
1165 , 0 , 1000 , 4935.14 , 0 , 0 , 0
1166 , 0 , 1000 , 4893.83 , 0 , 0 , 0
1167 , 0 , 1000 , 4852.7 , 0 , 0 , 0
1168 , 0 , 1000 , 4811.76 , 0 , 0 , 0
1169 , 0 , 1000 , 4771.01 , 0 , 0 , 0
1170 , 0 , 1000 , 4730.44 , 0 , 0 , 0
1171 , 0 , 1000 , 4690.06 , 0 , 0 , 0
1172 , 0 , 1000 , 4649.87 , 0 , 0 , 0
1173 , 0 , 1000 , 4609.87 , 0 , 0 , 0
1174 , 0 , 1000 , 4570.07 , 0 , 0 , 0
1175 , 0 , 1000 , 4530.46 , 0 , 0 , 0
1176 , 0 , 1000 , 4491.05 , 0 , 0 , 0
1177 , 0 , 1000 , 4451.83 , 0 , 0 , 0
1178 , 0 , 1000 , 4412.8 , 0 , 0 , 0
1179 , 0 , 1000 , 4373.98 , 0 , 0 , 0
1180 , 0 , 1000 , 4335.36 , 0 , 0 , 0
1181 , 0 , 1000 , 4296.93 , 0 , 0 , 0
1182 , 0 , 1000 , 4258.71 , 0 , 0 , 0
1183 , 0 , 1000 , 4220.7 , 0 , 0 , 0
1184 , 0 , 1000 , 4182.88 , 0 , 0 , 0
1185 , 0 , 1000 , 4145.28 , 0 , 0 , 0
1186 , 0 , 1000 , 4107.88 , 0 , 0 , 0
1187 , 0 , 1000 , 4070.69 , 0 , 0 , 0
1188 , 0 , 1000 , 4033.71 , 0 , 0 , 0
1189 , 0 , 1000 , 3996.94 , 0 , 0 , 0
1190 , 0 , 1000 , 3960.39 , 0 , 0 , 0
1191 , 0 , 1000 , 3924.05 , 0 , 0 , 0
1192 , 0 , 1000 , 3887.92 , 0 , 0 , 0
1193 , 0 , 1000 , 3852.01 , 0 , 0 , 0
1194 , 0 , 1000 , 3816.32 , 0 , 0 , 0
1195 , 0 , 1000 , 3780.85 , 0 , 0 , 0
1196 , 0 , 1000 , 3745.6 , 0 , 0 , 0
1197 , 0 , 1000 , 3710.57 , 0 , 0 , 0
1198 , 0 , 1000 , 3675.76 , 0 , 0 , 0
1199 , 0 , 1000 , 3641.17 , 0 , 0 , 0
1200 , 0 , 1000 , 3606.81 , 0 , 0 , 0
1201 , 0 , 1000 , 3572.67 , 0 , 0 , 0
1202 , 0 , 1000 , 3538.75 , 0 , 0 , 0
1203 , 0 , 1000 , 3505.06 , 0 , 0 , 0
1204 , 0 , 1000 , 3471.6 , 0 , 0 , 0
1205 , 0 , 1000 , 3438.37 , 0 , 0 , 0
1206 , 0 , 1000 , 3405.36 , 0 , 0 , 0
1207 , 0 , 1000 , 3372.58 , 0 , 0 , 0
1208 , 0 , 1000 , 3340.03 , 0 , 0 , 0
1209 , 0 , 1000 , 3307.71 , 0 , 0 , 0
1210 , 0 , 1000 , 3275.61 , 0 , 0 , 0
1211 , 0 , 1000 , 3243.75 , 0 , 0 , 0
1212 , 0 , 1000 , 3212.12 , 0 , 0 , 0
1213 , 0 , 1000 , 3180.72 , 0 , 0 , 0
1214 , 0 , 1000 , 3149.55 , 0 , 0 , 0
1215 , 0 , 1000 , 3118.61 , 0 , 0 , 0
1216 , 0 , 1000 , 3087.91 , 0 , 0 , 0
1217 , 0 , 1000 , 3057.43 , 0 , 0 , 0
1218 , 0 , 1000 , 3027.19 , 0 , 0 , 0
1219 , 0 , 1000 , 2997.18 , 0 , 0 , 0
1220 , 0 , 1000 , 2967.4 , 0 , 0 , 0
1221 , 0 , 1000 , 2937.85 , 0 , 0 , 0
1222 , 0 , 1000 , 2908.54 , 0 , 0 , 0
1223 , 0 , 1000 , 2879.46 , 0 , 0 , 0
1224 , 0 , 1000 , 2850.61 , 0 , 0 , 0
1225 , 0 , 1000 , 2821.99 , 0 , 0 , 0
1226 , 0 , 1000 , 2793.61 , 0 , 0 , 0
1227 , 0 , 1000 , 2765.45 , 0 , 0 , 0
1228 , 0 , 1000 , 2737.53 , 0 , 0 , 0
1229 , 0 , 1000 , 2709.84 , 0 , 0 , 0
1230 , 0 , 1000 , 2682.38 , 0 , 0 , 0
1231 , 0 , 1000 , 2655.16 , 0 , 0 , 0
1232 , 0 , 1000 , 2628.16 , 0 , 0 , 0
1233 , 0 , 1000 , 2601.4 , 0 , 0 , 0
1234 , 0 , 1000 , 2574.86 , 0 , 0 , 0
1235 , 0 , 1000 , 2548.56 , 0 , 0 , 0
1236 , 0 , 1000 , 2522.49 , 0 , 0 , 0
1237 , 0 , 1000 , 2496.64 , 0 , 0 , 0
1238 , 0 , 1000 , 2471.03 , 0 , 0 , 0
1239 , 0 , 1000 , 2445.65 , 0 , 0 , 0
1240 , 0 , 1000 , 2420.49 , 0 , 0 , 0
1241 , 0 , 1000 , 2395.56 , 0 , 0 , 0
1242 , 0 , 1000 , 2370.86 , 0 , 0 , 0
1243 , 0 , 1000 , 2346.39 , 0 , 0 , 0
1244 , 0 , 1000 , 2322.14 , 0 , 0 , 0
1245 , 0 , 1000 , 2298.12 , 0 , 0 , 0
1246 , 0 , 1000 , 2274.32 , 0 , 0 , 0
1247 , 0 , 1000 , 2250.75 , 0 , 0 , 0
1248 , 0 , 1000 , 2227.4 , 0 , 0 , 0
1249 , 0 , 1000 , 2204.28 , 0 , 0 , 0
1250 , 0 , 1000 , 2181.37 , 0 , 0 , 0
1251 , 0 , 1000 , 2158.69 , 0 , 0 , 0
1252 , 0 , 1000 , 2136.23 , 0 , 0 , 0
1253 , 0 , 1000 , 2113.98 , 0 , 0 , 0
1254 , 0 , 1000 , 2091.95 , 0 , 0 , 0
1255 , 0 , 1000 , 2070.14 , 0 , 0 , 0
1256 , 0 , 1000 , 2048.55 , 0 , 0 , 0
1257 , 0 , 1000 , 2027.17 , 0 , 0 , 0
1258 , 0 , 1000 , 2006 , 0 , 0 , 0
1259 , 0 , 1000 , 1985.05 , 0 , 0 , 0
1260 , 0 , 1000 , 1964.31 , 0 , 0 , 0
1261 , 0 , 1000 , 1943.78 , 0 , 0 , 0
1262 , 0 , 1000 , 1923.46 , 0 , 0 , 0
1263 , 0 , 1000 , 1903.35 , 0 , 0 , 0
1264 , 0 , 1000 , 1883.44 , 0 , 0 , 0
1265 , 0 , 1000 , 1863.74 , 0 , 0 , 0
1266 , 0 , 1000 , 1844.25 , 0 , 0 , 0
1267 , 0 , 1000 , 1824.96 , 0 , 0 , 0
1268 , 0 , 1000 , 1805.87 , 0 , 0 , 0
1269 , 0 , 1000 , 1786.99 , 0 , 0 , 0
1270 , 0 , 1000 , 1768.3 , 0 , 0 , 0
1271 , 0 , 1000 , 1749.81 , 0 , 0 , 0
1272 , 0 , 1000 , 1731.51 , 0 , 0 , 0
1273 , 0 , 1000 , 1713.41 , 0 , 0 , 0
1274 , 0 , 1000 , 1695.49 , 0 , 0 , 0
1275 , 0 , 1000 , 1677.76 , 0 , 0 , 0
1276 , 0 , 1000 , 1660.21 , 0 , 0 , 0
1277 , 0 , 1000 , 1642.84 , 0 , 0 , 0
1278 , 0 , 1000 , 1625.66 , 0 , 0 , 0
1279 , 0 , 1000 , 1608.65 , 0 , 0 , 0
1280 , 0 , 1000 , 1591.82 , 0 , 0 , 0
1281 , 0 , 1000 , 1575.16 , 0 , 0 , 0
1282 , 0 , 1000 , 1558.68 , 0 , 0 , 0
1283 , 0 , 1000 , 1542.37 , 0 , 0 , 0
1284 , 0 , 1000 , 1526.23 , 0 , 0 , 0
1285 , 0 , 1000 , 1510.27 , 0 , 0 , 0
1286 , 0 , 1000 , 1494.46 , 0 , 0 , 0
1287 , 0 , 1000 , 1478.83 , 0 , 0 , 0
1288 , 0 , 1000 , 1463.36 , 0 , 0 , 0
1289 , 0 , 1000 , 1448.05 , 0 , 0 , 0
1290 , 0 , 1000 , 1432.91 , 0 , 0 , 0
1291 , 0 , 1000 , 1417.93 , 0 , 0 , 0
1292 , 0 , 1000 , 1403.1 , 0 , 0 , 0
1293 , 0 , 1000 , 1388.44 , 0 , 0 , 0
1294 , 0 , 1000 , 1373.93 , 0 , 0 , 0
1295 , 0 , 1000 , 1359.58 , 0 , 0 , 0
1296 , 0 , 1000 , 1345.39 , 0 , 0 , 0
1297 , 0 , 1000 , 1331.34 , 0 , 0 , 0
1298 , 0 , 1000 , 1317.45 , 0 , 0 , 0
1299 , 0 , 1000 , 1303.72 , 0 , 0 , 0
1300 , 0 , 1000 , 1290.13 , 0 , 0 , 0
1301 , 0 , 1000 , 1276.69 , 0 , 0 , 0
1302 , 0 , 1000 , 1263.4 , 0 , 0 , 0
1303 , 0 , 1000 , 1250.25 , 0 , 0 , 0
1304 , 0 , 1000 , 1237.25 , 0 , 0 , 0
1305 , 0 , 1000 , 1224.4 , 0 , 0 , 0
1306 , 0 , 1000 , 1211.69 , 0 , 0 , 0
1307 , 0 , 1000 , 1199.11 , 0 , 0 , 0
1308 , 0 , 1000 , 1186.68 , 0 , 0 , 0
1309 , 0 , 1000 , 1174.39 , 0 , 0 , 0
1310 , 0 , 1000 , 1162.23 , 0 , 0 , 0
1311 , 0 , 1000 , 1150.21 , 0 , 0 , 0
1312 , 0 , 1000 , 1138.32 , 0 , 0 , 0
1313 , 0 , 1000 , 1126.56 , 0 , 0 , 0
1314 , 0 , 1000 , 1114.93 , 0 , 0 , 0
1315 , 0 , 1000 , 1103.44 , 0 , 0 , 0
1316 , 0 , 1000 , 1092.07 , 0 , 0 , 0
1317 , 0 , 1000 , 1080.82 , 0 , 0 , 0
1318 , 0 , 1000 , 1069.71 , 0 , 0 , 0
1319 , 0 , 1000 , 1058.71 , 0 , 0 , 0
1320 , 0 , 1000 , 1047.84 , 0 , 0 , 0
1321 , 0 , 1000 , 1037.09 , 0 , 0 , 0
1322 , 0 , 1000 , 1026.46 , 0 , 0 , 0
1323 , 0 , 1000 , 1015.95 , 0 , 0 , 0
1324 , 0 , 1000 , 1005.56 , 0 , 0 , 0
1325 , 0 , 1000 , 995.28 , 0 , 0 , 0
1326 , 0 , 1000 , 985.116 , 0 , 0 , 0
1327 , 0 , 1000 , 975.067 , 0 , 0 , 0
1328 , 0 , 1000 , 965.13 , 0 , 0 , 0
1329 , 0 , 1000 , 955.304 , 0 , 0 , 0
1330 , 0 , 1000 , 945.588 , 0 , 0 , 0
1331 , 0 , 1000 , 935.982 , 0 , 0 , 0
1332 , 0 , 1000 , 926.483 , 0 , 0 , 0
1333 , 0 , 1000 , 917.091 , 0 , 0 , 0
1334 , 0 , 1000 , 907.804 , 0 , 0 , 0
1335 , 0 , 1000 , 898.622 , 0 , 0 , 0
1336 , 0 , 1000 , 889.544 , 0 , 0 , 0
1337 , 0 , 1000 , 880.568 , 0 , 0 , 0
1338 , 0 , 1000 , 871.694 , 0 , 0 , 0
1339 , 0 , 1000 , 862.92 , 0 , 0 , 0
1340 , 0 , 1000 , 854.245 , 0 , 0 , 0
1341 , 0 , 1000 , 845.669 , 0 , 0 , 0
1342 , 0 , 1000 , 837.19 , 0 , 0 , 0
1343 , 0 , 1000 , 828.808 , 0 , 0 , 0
1344 , 0 , 1000 , 820.521 , 0 , 0 , 0
1345 , 0 , 1000 , 812.329 , 0 , 0 , 0
1346 , 0 , 1000 , 804.23 , 0 , 0 , 0
1347 , 0 , 1000 , 796.224 , 0 , 0 , 0
1348 , 0 , 1000 , 788.309 , 0 , 0 , 0
1349 , 0 , 1000 , 780.485 , 0 , 0 , 0
1350 , 0 , 1000 , 772.75 , 0 , 0 , 0
1351 , 0 , 1000 , 765.105 , 0 , 0 , 0
1352 , 0 , 1000 , 757.546 , 0 , 0 , 0
1353 , 0 , 1000 , 750.075 , 0 , 0 , 0
1354 , 0 , 1000 , 742.688 , 0 , 0 , 0
1355 , 0 , 1000 , 735.387 , 0 , 0 , 0
1356 , 0 , 1000 , 728.17 , 0 , 0 , 0
1357 , 0 , 1000 , 721.035 , 0 , 0 , 0
1358 , 0 , 1000 , 713.982 , 0 , 0 , 0
1359 , 0 , 1000 , 707.01 , 0 , 0 , 0
1360 , 0 , 1000 , 700.117 , 0 , 0 , 0
1361 , 0 , 1000 , 693.304 , 0 , 0 , 0
1362 , 0 , 1000 , 686.569 , 0 , 0 , 0
1363 , 0 , 1000 , 679.911 , 0 , 0 , 0
1364 , 0 , 1000 , 673.33 , 0 , 0 , 0
1365 , 0 , 1000 , 666.824 , 0 , 0 , 0
1366 , 0 , 1000 , 660.392 , 0 , 0 , 0
1367 , 0 , 1000 , 654.034 , 0 , 0 , 0
1368 , 0 , 1000 , 647.749 , 0 , 0 , 0
1369 , 0 , 1000 , 641.535 , 0 , 0 , 0
1370 , 0 , 1000 , 635.393 , 0 , 0 , 0
1371 , 0 , 1000 , 629.321 , 0 , 0 , 0
1372 , 0 , 1000 , 623.319 , 0 , 0 , 0
1373 , 0 , 1000 , 617.385 , 0 , 0 , 0
1374 , 0 , 1000 , 611.519 , 0 , 0 , 0
1375 , 0 , 1000 , 605.719 , 0 , 0 , 0
1376 , 0 , 1000 , 599.987 , 0 , 0 , 0
1377 , 0 , 1000 , 594.319 , 0 , 0 , 0
1378 , 0 , 1000 , 588.716 , 0 , 0 , 0
1379 , 0 , 1000 , 583.177 , 0 , 0 , 0
1380 , 0 , 1000 , 577.702 , 0 , 0 , 0
1381 , 0 , 1000 , 572.289 , 0 , 0 , 0
1382 , 0 , 1000 , 566.937 , 0 , 0 , 0
1383 , 0 , 1000 , 561.647 , 0 , 0 , 0
1384 , 0 , 1000 , 556.416 , 0 , 0 , 0
1385 , 0 , 1000 , 551.246 , 0 , 0 , 0
1386 , 0 , 1000 , 546.134 , 0 , 0 , 0
1387 , 0 , 1000 , 541.08 , 0 , 0 , 0
1388 , 0 , 1000 , 536.084 , 0 , 0 , 0
1389 , 0 , 1000 , 531.145 , 0 , 0 , 0
1390 , 0 , 1000 , 526.262 , 0 , 0 , 0
1391 , 0 , 1000 , 521.435 , 0 , 0 , 0
1392 , 0 , 1000 , 516.662 , 0 , 0 , 0
1393 , 0 , 1000 , 511.944 , 0 , 0 , 0
1394 , 0 , 1000 , 507.279 , 0 , 0 , 0
1395 , 0 , 1000 , 502.668 , 0 , 0 , 0
1396 , 0 , 1000 , 498.108 , 0 , 0 , 0
1397 , 0 , 1000 , 493.601 , 0 , 0 , 0
1398 , 0 , 1000 , 489.145 , 0 , 0 , 0
1399 , 0 , 1000 , 484.739 , 0 , 0 , 0
1400 , 0 , 1000 , 480.383 , 0 , 0 , 0
1401 , 0 , 1000 , 476.077 , 0 , 0 , 0
1402 , 0 , 1000 , 471.819 , 0 , 0 , 0
1403 , 0 , 1000 , 467.61 , 0 , 0 , 0
1404 , 0 , 1000 , 463.448 , 0 , 0 , 0
1405 , 0 , 1000 , 459.333 , 0 , 0 , 0
1406 , 0 , 1000 , 455.265 , 0 , 0 , 0
1407 , 0 , 1000 , 451.243 , 0 , 0 , 0
1408 , 0 , 1000 , 447.266 , 0 , 0 , 0
1409 , 0 , 1000 , 443.334 , 0 , 0 , 0
1410 , 0 , 1000 , 439.446 , 0 , 0 , 0
1411 , 0 , 1000 , 435.602 , 0 , 0 , 0
1412 , 0 , 1000 , 431.801 , 0 , 0 , 0
1413 , 0 , 1000 , 428.043 , 0 , 0 , 0
1414 , 0 , 1000 , 424.327 , 0 , 0 , 0
1415 , 0 , 1000 , 420.653 , 0 , 0 , 0
1416 , 0 , 1000 , 417.02 , 0 , 0 , 0
1417 , 0 , 1000 , 413.427 , 0 , 0 , 0
1418 , 0 , 1000 , 409.875 , 0 , 0 , 0
1419 , 0 , 1000 , 406.362 , 0 , 0 , 0
1420 , 0 , 1000 , 402.888 , 0 , 0 , 0
1421 , 0 , 1000 , 399.454 , 0 , 0 , 0
1422 , 0 , 1000 , 396.057 , 0 , 0 , 0
1423 , 0 , 1000 , 392.698 , 0 , 0 , 0
1424 , 0 , 1000 , 389.376 , 0 , 0 , 0
1425 , 0 , 1000 , 386.092 , 0 , 0 , 0
1426 , 0 , 1000 , 382.843 , 0 , 0 , 0
1427 , 0 , 1000 , 379.631 , 0 , 0 , 0
1428 , 0 , 1000 , 376.454 , 0 , 0 , 0
1429 , 0 , 1000 , 373.312 , 0 , 0 , 0
1430 , 0 , 1000 , 370.204 , 0 , 0 , 0
1431 , 0 , 1000 , 367.131 , 0 , 0 , 0
1432 , 0 , 1000 , 364.092 , 0 , 0 , 0
1433 , 0 , 1000 , 361.086 , 0 , 0 , 0
1434 , 0 , 1000 , 358.113 , 0 , 0 , 0
1435 , 0 , 1000 , 355.173 , 0 , 0 , 0
1436 , 0 , 1000 , 352.265 , 0 , 0 , 0
1437 , 0 , 1000 , 349.388 , 0 , 0 , 0
1438 , 0 , 1000 , 346.543 , 0 , 0 , 0
1439 , 0 , 1000 , 343.729 , 0 , 0 , 0
1440 , 0 , 1000 , 340.946 , 0 , 0 , 0
1441 , 0 , 1000 , 338.193 , 0 , 0 , 0
1442 , 0 , 1000 , 335.47 , 0 , 0 , 0
1443 , 0 , 1000 , 332.777 , 0 , 0 , 0
1444 , 0 , 1000 , 330.112 , 0 , 0 , 0
1445 , 0 , 1000 , 327.477 , 0 , 0 , 0
1446 , 0 , 1000 , 324.87 , 0 , 0 , 0
1447 , 0 , 1000 , 322.291 , 0 , 0 , 0
1448 , 0 , 1000 , 319.74 , 0 , 0 , 0
1449 , 0 , 1000 , 317.216 , 0 , 0 , 0
1450 , 0 , 1000 , 314.72 , 0 , 0 , 0
1451 , 0 , 1000 , 312.25 , 0 , 0 , 0
1452 , 0 , 1000 , 309.807 , 0 , 0 , 0
1453 , 0 , 1000 , 307.39 , 0 , 0 , 0
1454 , 0 , 1000 , 304.999 , 0 , 0 , 0
1455 , 0 , 1000 , 302.634 , 0 , 0 , 0
1456 , 0 , 1000 , 300.294 , 0 , 0 , 0
1457 , 0 , 1000 , 297.979 , 0 , 0 , 0
1458 , 0 , 1000 , 295.688 , 0 , 0 , 0
1459 , 0 , 1000 , 293.422 , 0 , 0 , 0
1460 , 0 , 1000 , 291.18 , 0 , 0 , 0
1461 , 0 , 1000 , 288.962 , 0 , 0 , 0
1462 , 0 , 1000 , 286.767 , 0 , 0 , 0
1463 , 0 , 1000 , 284.595 , 0 , 0 , 0
1464 , 0 , 1000 , 282.446 , 0 , 0 , 0
1465 , 0 , 1000 , 280.32 , 0 , 0 , 0
1466 , 0 , 1000 , 278.217 , 0 , 0 , 0
1467 , 0 , 1000 , 276.135 , 0 , 0 , 0
1468 , 0 , 1000 , 274.076 , 0 , 0 , 0
1469 , 0 , 1000 , 272.037 , 0 , 0 , 0
1470 , 0 , 1000 , 270.021 , 0 , 0 , 0
1471 , 0 , 1000 , 268.025 , 0 , 0 , 0
1472 , 0 , 1000 , 266.05 , 0 , 0 , 0
1473 , 0 , 1000 , 264.096 , 0 , 0 , 0
1474 , 0 , 1000 , 262.162 , 0 , 0 , 0
1475 , 0 , 1000 , 260.248 , 0 , 0 , 0
1476 , 0 , 1000 , 258.353 , 0 , 0 , 0
1477 , 0 , 1000 , 256.479 , 0 , 0 , 0
1478 , 0 , 1000 , 254.623 , 0 , 0 , 0
1479 , 0 , 1000 , 252.787 , 0 , 0 , 0
1480 , 0 , 1000 , 250.97 , 0 , 0 , 0
1481 , 0 , 1000 , 249.171 , 0 , 0 , 0
1482 , 0 , 1000 , 247.391 , 0 , 0 , 0
1483 , 0 , 1000 , 245.629 , 0 , 0 , 0
1484 , 0 , 1000 , 243.885 , 0 , 0 , 0
1485 , 0 , 1000 , 242.159 , 0 , 0 , 0
1486 , 0 , 1000 , 240.45 , 0 , 0 , 0
1487 , 0 , 1000 , 238.759 , 0 , 0 , 0
1488 , 0 , 1000 , 237.084 , 0 , 0 , 0
1489 , 0 , 1000 , 235.427 , 0 , 0 , 0
1490 , 0 , 1000 , 233.786 , 0 , 0 , 0
1491 , 0 , 1000 , 232.162 , 0 , 0 , 0
1492 , 0 , 1000 , 230.555 , 0 , 0 , 0
1493 , 0 , 1000 , 228.963 , 0 , 0 , 0
1494 , 0 , 1000 , 227.387 , 0 , 0 , 0
1495 , 0 , 1000 , 225.827 , 0 , 0 , 0
1496 , 0 , 1000 , 224.283 , 0 , 0 , 0
1497 , 0 , 1000 , 222.754 , 0 , 0 , 0
1498 , 0 , 1000 , 221.24 , 0 , 0 , 0
1499 , 0 , 1000 , 219.741 , 0 , 0 , 0
1500 , 0 , 1000 , 218.257 , 0 , 0 , 0
1501 , 0 , 1000 , 216.788 , 0 , 0 , 0
1502 , 0 , 1000 , 215.333 , 0 , 0 , 0
1503 , 0 , 1000 , 213.892 , 0 , 0 , 0
1504 , 0 , 1000 , 212.466 , 0 , 0 , 0
1505 , 0 , 1000 , 211.053 , 0 , 0 , 0
1506 , 0 , 1000 , 209.655 , 0 , 0 , 0
1507 , 0 , 1000 , 208.27 , 0 , 0 , 0
1508 , 0 , 1000 , 206.898 , 0 , 0 , 0
1509 , 0 , 1000 , 205.54 , 0 , 0 , 0
1510 , 0 , 1000 , 204.195 , 0 , 0 , 0
1511 , 0 , 1000 , 202.863 , 0 , 0 , 0
1512 , 0 , 1000 , 201.544 , 0 , 0 , 0
1513 , 0 , 1000 , 200.238 , 0 , 0 , 0
1514 , 0 , 1000 , 198.944 , 0 , 0 , 0
1515 , 0 , 1000 , 197.663 , 0 , 0 , 0
1516 , 0 , 1000 , 196.394 , 0 , 0 , 0
1517 , 0 , 1000 , 195.137 , 0 , 0 , 0
1518 , 0 , 1000 , 193.893 , 0 , 0 , 0
1519 , 0 , 1000 , 192.66 , 0 , 0 , 0
1520 , 0 , 1000 , 191.438 , 0 , 0 , 0
1521 , 0 , 1000 , 190.229 , 0 , 0 , 0
1522 , 0 , 1000 , 189.031 , 0 , 0 , 0
1523 , 0 , 1000 , 187.844 , 0 , 0 , 0
1524 , 0 , 1000 , 186.668 , 0 , 0 , 0
1525 , 0 , 1000 , 185.504 , 0 , 0 , 0
1526 , 0 , 1000 , 184.351 , 0 , 0 , 0
1527 , 0 , 1000 , 183.208 , 0 , 0 , 0
1528 , 0 , 1000 , 182.076 , 0 , 0 , 0
1529 , 0 , 1000 , 180.955 , 0 , 0 , 0
1530 , 0 , 1000 , 179.844 , 0 , 0 , 0
1531 , 0 , 1000 , 178.743 , 0 , 0 , 0
1532 , 0 , 1000 , 177.653 , 0 , 0 , 0
1533 , 0 , 1000 , 176.573 , 0 , 0 , 0
1534 , 0 , 1000 , 175.503 , 0 , 0 , 0
1535 , 0 , 1000 , 174.443 , 0 , 0 , 0
1536 , 0 , 1000 , 173.393 , 0 , 0 , 0
1537 , 0 , 1000 , 172.352 , 0 , 0 , 0
1538 , 0 , 1000 , 171.321 , 0 , 0 , 0
1539 , 0 , 1000 , 170.299 , 0 , 0 , 0
1540 , 0 , 1000 , 169.287 , 0 , 0 , 0
1541 , 0 , 1000 , 168.284 , 0 , 0 , 0
1542 , 0 , 1000 , 167.29 , 0 , 0 , 0
1543 , 0 , 1000 , 166.306 , 0 , 0 , 0
1544 , 0 , 1000 , 165.33 , 0 , 0 , 0
1545 , 0 , 1000 , 164.363 , 0 , 0 , 0
1546 , 0 , 1000 , 163.405 , 0 , 0 , 0
1547 , 0 , 1000 , 162.455 , 0 , 0 , 0
1548 , 0 , 1000 , 161.514 , 0 , 0 , 0
1549 , 0 , 1000 , 160.582 , 0 , 0 , 0
1550 , 0 , 1000 , 159.657 , 0 , 0 , 0
1551 , 0 , 1000 , 158.742 , 0 , 0 , 0
1552 , 0 , 1000 , 157.834 , 0 , 0 , 0
1553 , 0 , 1000 , 156.934 , 0 , 0 , 0
1554 , 0 , 1000 , 156.043 , 0 , 0 , 0
1555 , 0 , 1000 , 155.159 , 0 , 0 , 0
1556 , 0 , 1000 , 154.283 , 0 , 0 , 0
1557 , 0 , 1000 , 153.415 , 0 , 0 , 0
1558 , 0 , 1000 , 152.555 , 0 , 0 , 0
1559 , 0 , 1000 , 151.702 , 0 , 0 , 0
1560 , 0 , 1000 , 150.856 , 0 , 0 , 0
1561 , 0 , 1000 , 150.018 , 0 , 0 , 0
1562 , 0 , 1000 , 149.188 , 0 , 0 , 0
1563 , 0 , 1000 , 148.364 , 0 , 0 , 0
1564 , 0 , 1000 , 147.548 , 0 , 0 , 0
1565 , 0 , 1000 , 146.739 , 0 , 0 , 0
1566 , 0 , 1000 , 145.937 , 0 , 0 , 0
1567 , 0 , 1000 , 145.141 , 0 , 0 , 0
1568 , 0 , 1000 , 144.353 , 0 , 0 , 0
1569 , 0 , 1000 , 143.571 , 0 , 0 , 0
1570 , 0 , 1000 , 142.796 , 0 , 0 , 0
1571 , 0 , 1000 , 142.028 , 0 , 0 , 0
1572 , 0 , 1000 , 141.266 , 0 , 0 , 0
1573 , 0 , 1000 , 140.511 , 0 , 0 , 0
1574 , 0 , 1000 , 139.762 , 0 , 0 , 0
1575 , 0 , 1000 , 139.02 , 0 , 0 , 0
1576 , 0 , 1000 , 138.283 , 0 , 0 , 0
1577 , 0 , 1000 , 137.553 , 0 , 0 , 0
1578 , 0 , 1000 , 136.829 , 0 , 0 , 0
1579 , 0 , 1000 , 136.111 , 0 , 0 , 0
1580 , 0 , 1000 , 135.4 , 0 , 0 , 0
1581 , 0 , 1000 , 134.694 , 0 , 0 , 0
1582 , 0 , 1000 , 133.994 , 0 , 0 , 0
1583 , 0 , 1000 , 133.3 , 0 , 0 , 0
1584 , 0 , 1000 , 132.611 , 0 , 0 , 0
1585 , 0 , 1000 , 131.928 , 0 , 0 , 0
1586 , 0 , 1000 , 131.251 , 0 , 0 , 0
1587 , 0 , 1000 , 130.58 , 0 , 0 , 0
1588 , 0 , 1000 , 129.914 , 0 , 0 , 0
1589 , 0 , 1000 , 129.253 , 0 , 0 , 0
1590 , 0 , 1000 , 128.598 , 0 , 0 , 0
1591 , 0 , 1000 , 127.948 , 0 , 0 , 0
1592 , 0 , 1000 , 127.304 , 0 , 0 , 0
1593 , 0 , 1000 , 126.665 , 0 , 0 , 0
1594 , 0 , 1000 , 126.031 , 0 , 0 , 0
1595 , 0 , 1000 , 125.402 , 0 , 0 , 0
1596 , 0 , 1000 , 124.778 , 0 , 0 , 0
1597 , 0 , 1000 , 124.159 , 0 , 0 , 0
1598 , 0 , 1000 , 123.545 , 0 , 0 , 0
1599 , 0 , 1000 , 122.936 , 0 , 0 , 0
1600 , 0 , 1000 , 122.332 , 0 , 0 , 0
1601 , 0 , 1000 , 121.732 , 0 , 0 , 0
1602 , 0 , 1000 , 121.138 , 0 , 0 , 0
1603 , 0 , 1000 , 120.548 , 0 , 0 , 0
1604 , 0 , 1000 , 119.963 , 0 , 0 , 0
1605 , 0 , 1000 , 119.382 , 0 , 0 , 0
1606 , 0 , 1000 , 118.806 , 0 , 0 , 0
1607 , 0 , 1000 , 118.235 , 0 , 0 , 0
1608 , 0 , 1000 , 117.668 , 0 , 0 , 0
1609 , 0 , 1000 , 117.105 , 0 , 0 , 0
1610 , 0 , 1000 , 116.547 , 0 , 0 , 0
1611 , 0 , 1000 , 115.993 , 0 , 0 , 0
1612 , 0 , 1000 , 115.444 , 0 , 0 , 0
1613 , 0 , 1000 , 114.898 , 0 , 0 , 0
1614 , 0 , 1000 , 114.357 , 0 , 0 , 0
1615 , 0 , 1000 , 113.82 , 0 , 0 , 0
1616 , 0 , 1000 , 113.288 , 0 , 0 , 0
1617 , 0 , 1000 , 112.759 , 0 , 0 , 0
1618 , 0 , 1000 , 112.234 , 0 , 0 , 0
1619 , 0 , 1000 , 111.714 , 0 , 0 , 0
1620 , 0 , 1000 , 111.197 , 0 , 0 , 0
1621 , 0 , 1000 , 110.685 , 0 , 0 , 0
1622 , 0 , 1000 , 110.176 , 0 , 0 , 0
1623 , 0 , 1000 , 109.671 , 0 , 0 , 0
1624 , 0 , 1000 , 109.17 , 0 , 0 , 0
1625 , 0 , 1000 , 108.672 , 0 , 0 , 0
1626 , 0 , 1000 , 108.179 , 0 , 0 , 0
1627 , 0 , 1000 , 107.689 , 0 , 0 , 0
1628 , 0 , 1000 , 107.203 , 0 , 0 , 0
1629 , 0 , 1000 , 106.72 , 0 , 0 , 0
1630 , 0 , 1000 , 106.241 , 0 , 0 , 0
1631 , 0 , 1000 , 105.766 , 0 , 0 , 0
1632 , 0 , 1000 , 105.294 , 0 , 0 , 0
1633 , 0 , 1000 , 104.826 , 0 , 0 , 0
1634 , 0 , 1000 , 104.361 , 0 , 0 , 0
1635 , 0 , 1000 , 103.899 , 0 , 0 , 0
1636 , 0 , 1000 , 103.441 , 0 , 0 , 0
1637 , 0 , 1000 , 102.986 , 0 , 0 , 0
1638 , 0 , 1000 , 102.535 , 0 , 0 , 0
1639 , 0 , 1000 , 102.087 , 0 , 0 , 0
1640 , 0 , 1000 , 101.642 , 0 , 0 , 0
1641 , 0 , 1000 , 101.2 , 0 , 0 , 0
1642 , 0 , 1000 , 100.762 , 0 , 0 , 0
1643 , 0 , 1000 , 100.327 , 0 , 0 , 0
1644 , 0 , 1000 , 99.8949 , 0 , 0 , 0
1645 , 0 , 1000 , 99.4659 , 0 , 0 , 0
1646 , 0 , 1000 , 99.04 , 0 , 0 , 0
1647 , 0 , 1000 , 98.6172 , 0 , 0 , 0
1648 , 0 , 1000 , 98.1975 , 0 , 0 , 0
1649 , 0 , 1000 , 97.7807 , 0 , 0 , 0
1650 , 0 , 1000 , 97.3669 , 0 , 0 , 0
1651 , 0 , 1000 , 96.956 , 0 , 0 , 0
1652 , 0 , 1000 , 96.5481 , 0 , 0 , 0
1653 , 0 , 1000 , 96.143 , 0 , 0 , 0
1654 , 0 , 1000 , 95.7408 , 0 , 0 , 0
1655 , 0 , 1000 , 95.3415 , 0 , 0 , 0
1656 , 0 , 1000 , 94.9449 , 0 , 0 , 0
1657 , 0 , 1000 , 94.5511 , 0 , 0 , 0
1658 , 0 , 1000 , 94.1601 , 0 , 0 , 0
1659 , 0 , 1000 , 93.7718 , 0 , 0 , 0
1660 , 0 , 1000 , 93.3862 , 0 , 0 , 0
1661 , 0 , 1000 , 93.0033 , 0 , 0 , 0
1662 , 0 , 1000 , 92.6231 , 0 , 0 , 0
1663 , 0 , 1000 , 92.2454 , 0 , 0 , 0
1664 , 0 , 1000 , 91.8704 , 0 , 0 , 0
1665 , 0 , 1000 , 91.498 , 0 , 0 , 0
1666 , 0 , 1000 , 91.1281 , 0 , 0 , 0
1667 , 0 , 1000 , 90.7608 , 0 , 0 , 0
1668 , 0 , 1000 , 90.3959 , 0 , 0 , 0
1669 , 0 , 1000 , 90.0336 , 0 , 0 , 0
1670 , 0 , 1000 , 89.6737 , 0 , 0 , 0
1671 , 0 , 1000 , 89.3163 , 0 , 0 , 0
1672 , 0 , 1000 , 88.9613 , 0 , 0 , 0
1673 , 0 , 1000 , 88.6087 , 0 , 0 , 0
1674 , 0 , 1000 , 88.2585 , 0 , 0 , 0
1675 , 0 , 1000 , 87.9106 , 0 , 0 , 0
1676 , 0 , 1000 , 87.5651 , 0 , 0 , 0
1677 , 0 , 1000 , 87.2219 , 0 , 0 , 0
1678 , 0 , 1000 , 86.881 , 0 , 0 , 0
1679 , 0 , 1000 , 86.5423 , 0 , 0 , 0
1680 , 0 , 1000 , 86.2059 , 0 , 0 , 0
1681 , 0 , 1000 , 85.8718 , 0 , 0 , 0
1682 , 0 , 1000 , 85.5398 , 0 , 0 , 0
1683 , 0 , 1000 , 85.2101 , 0 , 0 , 0
1684 , 0 , 1000 , 84.8825 , 0 , 0 , 0
1685 , 0 , 1000 , 84.5571 , 0 , 0 , 0
1686 , 0 , 1000 , 84.2338 , 0 , 0 , 0
1687 , 0 , 1000 , 83.9127 , 0 , 0 , 0
1688 , 0 , 1000 , 83.5936 , 0 , 0 , 0
1689 , 0 , 1000 , 83.2766 , 0 , 0 , 0
1690 , 0 , 1000 , 82.9617 , 0 , 0 , 0
1691 , 0 , 1000 , 82.6489 , 0 , 0 , 0
1692 , 0 , 1000 , 82.338 , 0 , 0 , 0
1693 , 0 , 1000 , 82.0292 , 0 , 0 , 0
1694 , 0 , 1000 , 81.7224 , 0 , 0 , 0
1695 , 0 , 1000 , 81.4176 , 0 , 0 , 0
1696 , 0 , 1000 , 81.1147 , 0 , 0 , 0
1697 , 0 , 1000 , 80.8137 , 0 , 0 , 0
1698 , 0 , 1000 , 80.5147 , 0 , 0 , 0
1699 , 0 , 1000 , 80.2176 , 0 , 0 , 0
1700 , 0 , 1000 , 79.9224 , 0 , 0 , 0
1701 , 0 , 1000 , 79.6291 , 0 , 0 , 0
1702 , 0 , 1000 , 79.3376 , 0 , 0 , 0
1703 , 0 , 1000 , 79.048 , 0 , 0 , 0
1704 , 0 , 1000 , 78.7602 , 0 , 0 , 0
1705 , 0 , 1000 , 78.4743 , 0 , 0 , 0
1706 , 0 , 1000 , 78.1901 , 0 , 0 , 0
1707 , 0 , 1000 , 77.9077 , 0 , 0 , 0
1708 , 0 , 1000 , 77.6271 , 0 , 0 , 0
1709 , 0 , 1000 , 77.3483 , 0 , 0 , 0
1710 , 0 , 1000 , 77.0712 , 0 , 0 , 0
1711 , 0 , 1000 , 76.7958 , 0 , 0 , 0
1712 , 0 , 1000 , 76.5222 , 0 , 0 , 0
1713 , 0 , 1000 , 76.2502 , 0 , 0 , 0
1714 , 0 , 1000 , 75.98 , 0 , 0 , 0
1715 , 0 , 1000 , 75.7114 , 0 , 0 , 0
1716 , 0 , 1000 , 75.4445 , 0 , 0 , 0
1717 , 0 , 1000 , 75.1792 , 0 , 0 , 0
1718 , 0 , 1000 , 74.9155 , 0 , 0 , 0
1719 , 0 , 1000 , 74.6535 , 0 , 0 , 0
1720 , 0 , 1000 , 74.3931 , 0 , 0 , 0
1721 , 0 , 1000 , 74.1343 , 0 , 0 , 0
1722 , 0 , 1000 , 73.877 , 0 , 0 , 0
1723 , 0 , 1000 , 73.6214 , 0 , 0 , 0
1724 , 0 , 1000 , 73.3673 , 0 , 0 , 0
1725 , 0 , 1000 , 73.1147 , 0 , 0 , 0
1726 , 0 , 1000 , 72.8637 , 0 , 0 , 0
1727 , 0 , 1000 , 72.6142 , 0 , 0 , 0
1728 , 0 , 1000 , 72.3662 , 0 , 0 , 0
1729 , 0 , 1000 , 72.1197 , 0 , 0 , 0
1730 , 0 , 1000 , 71.8746 , 0 , 0 , 0
1731 , 0 , 1000 , 71.6311 , 0 , 0 , 0
1732 , 0 , 1000 , 71.389 , 0 , 0 , 0
1733 , 0 , 1000 , 71.1484 , 0 , 0 , 0
1734 , 0 , 1000 , 70.9092 , 0 , 0 , 0
1735 , 0 , 1000 , 70.6714 , 0 , 0 , 0
1736 , 0 , 1000 , 70.4351 , 0 , 0 , 0
1737 , 0 , 1000 , 70.2002 , 0 , 0 , 0
1738 , 0 , 1000 , 69.9666 , 0 , 0 , 0
1739 , 0 , 1000 , 69.7345 , 0 , 0 , 0
1740 , 0 , 1000 , 69.5037 , 0 , 0 , 0
1741 , 0 , 1000 , 69.2743 , 0 , 0 , 0
1742 , 0 , 1000 , 69.0462 , 0 , 0 , 0
1743 , 0 , 1000 , 68.8195 , 0 , 0 , 0
1744 , 0 , 1000 , 68.5941 , 0 , 0 , 0
1745 , 0 , 1000 , 68.3701 , 0 , 0 , 0
1746 , 0 , 1000 , 68.1474 , 0 , 0 , 0
1747 , 0 , 1000 , 67.9259 , 0 , 0 , 0
1748 , 0 , 1000 , 67.7058 , 0 , 0 , 0
1749 , 0 , 1000 , 67.487 , 0 , 0 , 0
1750 , 0 , 1000 , 67.2695 , 0 , 0 , 0
1751 , 0 , 1000 , 67.0532 , 0 , 0 , 0
1752 , 0 , 1000 , 66.8382 , 0 , 0 , 0
1753 , 0 , 1000 , 66.6244 , 0 , 0 , 0
1754 , 0 , 1000 , 66.4119 , 0 , 0 , 0
1755 , 0 , 1000 , 66.2007 , 0 , 0 , 0
1756 , 0 , 1000 , 65.9906 , 0 , 0 , 0
1757 , 0 , 1000 , 65.7818 , 0 , 0 , 0
1758 , 0 , 1000 , 65.5742 , 0 , 0 , 0
1759 , 0 , 1000 , 65.3678 , 0 , 0 , 0
1760 , 0 , 1000 , 65.1626 , 0 , 0 , 0
1761 , 0 , 1000 , 64.9586 , 0 , 0 , 0
1762 , 0 , 1000 , 64.7558 , 0 , 0 , 0
1763 , 0 , 1000 , 64.5541 , 0 , 0 , 0
1764 , 0 , 1000 , 64.3536 , 0 , 0 , 0
1765 , 0 , 1000 , 64.1543 , 0 , 0 , 0
1766 , 0 , 1000 , 63.9561 , 0 , 0 , 0
1767 , 0 , 1000 , 63.759 , 0 , 0 , 0
1768 , 0 , 1000 , 63.5631 , 0 , 0 , 0
1769 , 0 , 1000 , 63.3683 , 0 , 0 , 0
1770 , 0 , 1000 , 63.1746 , 0 , 0 , 0
1771 , 0 , 1000 , 62.982 , 0 , 0 , 0
1772 , 0 , 1000 , 62.7905 , 0 , 0 , 0
1773 , 0 , 1000 , 62.6001 , 0 , 0 , 0
1774 , 0 , 1000 , 62.4108 , 0 , 0 , 0
1775 , 0 , 1000 , 62.2225 , 0 , 0 , 0
1776 , 0 , 1000 , 62.0353 , 0 , 0 , 0
1777 , 0 , 1000 , 61.8492 , 0 , 0 , 0
1778 , 0 , 1000 , 61.6641 , 0 , 0 , 0
1779 , 0 , 1000 , 61.4801 , 0 , 0 , 0
1780 , 0 , 1000 , 61.2971 , 0 , 0 , 0
1781 , 0 , 1000 , 61.1152 , 0 , 0 , 0
1782 , 0 , 1000 , 60.9343 , 0 , 0 , 0
1783 , 0 , 1000 , 60.7544 , 0 , 0 , 0
1784 , 0 , 1000 , 60.5755 , 0 , 0 , 0
1785 , 0 , 1000 , 60.3976 , 0 , 0 , 0
1786 , 0 , 1000 , 60.2206 , 0 , 0 , 0
1787 , 0 , 1000 , 60.0447 , 0 , 0 , 0
1788 , 0 , 1000 , 59.8698 , 0 , 0 , 0
1789 , 0 , 1000 , 59.6959 , 0 , 0 , 0
1790 , 0 , 1000 , 59.5229 , 0 , 0 , 0
1791 , 0 , 1000 , 59.3509 , 0 , 0 , 0
1792 , 0 , 1000 , 59.1798 , 0 , 0 , 0
1793 , 0 , 1000 , 59.0097 , 0 , 0 , 0
1794 , 0 , 1000 , 58.8405 , 0 , 0 , 0
1795 , 0 , 1000 , 58.6723 , 0 , 0 , 0
1796 , 0 , 1000 , 58.505 , 0 , 0 , 0
1797 , 0 , 1000 , 58.3386 , 0 , 0 , 0
1798 , 0 , 1000 , 58.1731 , 0 , 0 , 0
1799 , 0 , 1000 , 58.0086 , 0 , 0 , 0
1800 , 0 , 1000 , 57.8449 , 0 , 0 , 0
