X_H2O   T[K]   A:μ[%]   A:λ[%]   B:μ[%]   B:λ[%]   (FCEA2 比; 合格 |差| ≤ 0.1 %)
 0.00   400.0   +0.001   +0.003   +0.001   +0.003
 0.00   600.0   +0.000   -0.006   +0.000   -0.006
 0.00  1000.0   -0.000   -0.001   -0.000   -0.001
 0.00  2000.0   -0.000   -0.001   -0.000   -0.001
 0.10   400.0   -4.387   -4.755   -0.001   +0.013
 0.10   600.0   -3.761   -4.525   +0.001   +0.008
 0.10  1000.0   -2.807   -4.183   -0.000   +0.006
 0.10  2000.0   -1.817   -3.874   +0.000   -0.003
 0.50   400.0  -13.145  -10.697   +0.000   -0.012
 0.50   600.0  -11.353  -10.027   +0.001   +0.001
 0.50  1000.0   -8.613   -8.968   -0.001   -0.001
 0.50  2000.0   -5.694   -7.855   -0.000   -0.001
 1.00   400.0   -0.001   +0.005   -0.001   +0.005
 1.00   600.0   -0.001   -0.003   -0.001   -0.003
 1.00  1000.0   +0.001   +0.000   +0.001   +0.000
 1.00  2000.0   +0.001   +0.000   +0.001   +0.000
最大 |差|: A μ 13.145 % λ 10.697 % / B μ 0.001 % λ 0.013 %
判定: A 不合格 / B 全点合格
