                     ctrl      test  test/ctrl
rms_ro@10%      8.898e-08 5.771e-08  6.486e-01
rms_roUx@10%    2.133e-05 1.153e-05  5.405e-01
rms_roUy@10%    9.179e-06 7.115e-06  7.751e-01
rms_roe@10%     1.159e-03 7.175e-04  6.190e-01
rms_roK@10%     9.107e-07 8.976e-07  9.856e-01
rms_roOmega@10% 2.963e+02 2.007e+01  6.775e-02
rms_roY0@10%    6.998e-08 4.169e-08  5.958e-01
rms_roY1@10%    7.750e-10 4.620e-10  5.962e-01
rms_ro@20%      8.905e-08 5.838e-08  6.556e-01
rms_roUx@20%    2.135e-05 1.154e-05  5.404e-01
rms_roUy@20%    9.187e-06 7.169e-06  7.803e-01
rms_roe@20%     1.160e-03 7.199e-04  6.208e-01
rms_roK@20%     9.121e-07 8.978e-07  9.844e-01
rms_roOmega@20% 2.927e+02 1.997e+01  6.823e-02
rms_roY0@20%    7.019e-08 4.202e-08  5.986e-01
rms_roY1@20%    7.774e-10 4.657e-10  5.991e-01
R_inlet@10%     1.633e-05 1.302e-05  7.975e-01
R_global@10%    1.910e-05 1.352e-05  7.081e-01
inlet share@10% 6.778e-01 9.197e-01  1.357e+00
n_snap@10%      3.000e+00 3.000e+00  1.000e+00
R_inlet@20%     1.633e-05 1.186e-05  7.263e-01
R_global@20%    1.910e-05 1.237e-05  6.475e-01
inlet share@20% 6.778e-01 9.190e-01  1.356e+00
n_snap@20%      5.000e+00 5.000e+00  1.000e+00
