                     ctrl      test  test/ctrl
rms_ro@10%      8.926e-08 7.257e-08  8.129e-01
rms_roUx@10%    2.132e-05 1.636e-05  7.671e-01
rms_roUy@10%    9.248e-06 7.722e-06  8.350e-01
rms_roe@10%     1.161e-03 1.008e-03  8.684e-01
rms_roK@10%     9.143e-07 8.893e-07  9.727e-01
rms_roOmega@10% 3.001e+02 2.828e+02  9.423e-01
rms_roY0@10%    7.025e-08 5.771e-08  8.215e-01
rms_roY1@10%    7.781e-10 6.395e-10  8.219e-01
rms_ro@20%      8.930e-08 7.262e-08  8.132e-01
rms_roUx@20%    2.130e-05 1.633e-05  7.666e-01
rms_roUy@20%    9.231e-06 7.692e-06  8.333e-01
rms_roe@20%     1.160e-03 1.008e-03  8.691e-01
rms_roK@20%     9.132e-07 8.892e-07  9.738e-01
rms_roOmega@20% 3.033e+02 2.811e+02  9.269e-01
rms_roY0@20%    7.032e-08 5.766e-08  8.199e-01
rms_roY1@20%    7.788e-10 6.389e-10  8.204e-01
R_inlet@10%     1.604e-05 1.391e-05  8.671e-01
R_global@10%    1.977e-05 1.621e-05  8.202e-01
inlet share@10% 7.496e-01 7.725e-01  1.031e+00
n_snap@10%      3.000e+00 3.000e+00  1.000e+00
R_inlet@20%     1.604e-05 1.326e-05  8.267e-01
R_global@20%    1.913e-05 1.613e-05  8.433e-01
inlet share@20% 7.674e-01 7.714e-01  1.005e+00
n_snap@20%      5.000e+00 5.000e+00  1.000e+00
