# 2026-10-08 読み取りのみ。run_1055_r7b_m10_A_c の res_20000 + run_1061_r5h_m10_A_1step の帳簿 (call 1)。スクリプト case/46.sern_design/diag/te_grad_diag.py。
# 注意: g_GG と GG.d の列は面積ベクトルの二重掛けで無効 (無視すること)。LSQ の列は forge gradLSQ=2 と同じ式 (節点座標・1/|d|^2・打ち切り 1e-2・内部隣接のみ)。

====================================================================================================
node 517160: x_node [ 0.12   -0.0105  0.0979]  cc [ 0.1205 -0.011   0.0979]  |cc-x| 6.374e-04  vol 2.341e-11  T 50.0
  U_i = (62.42, 16.44, -245.25)
  M eig [1.2903 2.     2.7097]  cond 2.100e+00  dropped 0  boundary half-faces 0
  [Ux] g_LSQ [ -4753113.6426 -13772205.0697    683858.7418]  g_GG [-1.5032e+01 -2.1859e+01  2.1357e-02]
         nbr       ip                                d (m)       |d|     phi_j      dphi        g.d   ratio       GG.d contrib(c_ij dphi).d_k for k=this edge  ledger: L-recon, psi_eff
      512207  1521124   [-6.591e-04, 5.080e-05, 0.000e+00] 6.610e-04    224.85    162.43    2433.12   14.98       0.01      356.16  psi_eff  0.2415
      517121  1535716   [ 0.000e+00,-2.284e-05, 0.000e+00] 2.284e-05    675.59    613.17     314.53    0.51       0.00      100.39  psi_eff  0.2415
      517159  1535828               [ 0.   , 0.   ,-0.001] 7.504e-04     20.19    -42.22    -513.14   12.15      -0.00        0.47  psi_eff  0.2415
      517161  1535831                  [0.   ,0.   ,0.001] 6.412e-04    903.27    840.86     438.47    0.52       0.00      115.35  psi_eff  0.2415
      517199  1535832      [0.000e+00,1.912e-05,0.000e+00] 1.912e-05     -1.23    -63.65    -263.26    4.14      -0.00       30.63  psi_eff  0.2415
      522113  1535833               [ 0.003,-0.002, 0.   ] 3.340e-03   2670.82   2608.41   17591.63    6.74       0.01     2186.17  psi_eff  0.2415
    寄与行列 (行 = 近傍 j の寄与 c_j dphi_j を、列 = 各辺 d_k へ射影):
     from\to    512207    517121    517159    517161    517199    522113
      512207     108.3       0.7       0.0       0.0      -0.6    -357.3
      517121    2268.3     276.5       0.0       0.0    -231.5   14967.6
      517159       0.0       0.0     -21.1      18.0       0.0       0.0
      517161       0.0       0.0    -492.0     420.4       0.0       0.0
      517199     281.3      34.3       0.0       0.0     -28.7    1856.1
      522113    -224.8       3.0       0.0       0.0      -2.5    1125.2
  [Uy] g_LSQ [1943047.8278 5384680.6359 -409968.0393]  g_GG [ 6.237   9.0654 -0.0129]
         nbr       ip                                d (m)       |d|     phi_j      dphi        g.d   ratio       GG.d contrib(c_ij dphi).d_k for k=this edge  ledger: L-recon, psi_eff
      512207  1521124   [-6.591e-04, 5.080e-05, 0.000e+00] 6.610e-04    -33.05    -49.50   -1007.11   20.35      -0.00      -56.05  psi_eff  0.1440
      517121  1535716   [ 0.000e+00,-2.284e-05, 0.000e+00] 2.284e-05   -312.33   -328.78    -122.97    0.37      -0.00        7.59  psi_eff  0.1440
      517159  1535828               [ 0.   , 0.   ,-0.001] 7.504e-04     64.99     48.55     307.62    6.34       0.00       38.58  psi_eff  0.1440
      517161  1535831                  [0.   ,0.   ,0.001] 6.412e-04   -467.79   -484.24    -262.86    0.54      -0.00       -2.48  psi_eff  0.1440
      517199  1535832      [0.000e+00,1.912e-05,0.000e+00] 1.912e-05    -31.65    -48.09     102.93   -2.14       0.00       23.85  psi_eff  0.1440
      522113  1535833               [ 0.003,-0.002, 0.   ] 3.340e-03   -326.85   -343.29   -6662.14   19.41      -0.00     -463.07  psi_eff  0.1440
    寄与行列 (行 = 近傍 j の寄与 c_j dphi_j を、列 = 各辺 d_k へ射影):
     from\to    512207    517121    517159    517161    517199    522113
      512207     -33.0      -0.2       0.0       0.0       0.2     108.9
      517121   -1216.3    -148.3       0.0       0.0     124.1   -8025.5
      517159       0.0       0.0      24.3     -20.7       0.0       0.0
      517161       0.0       0.0     283.4    -242.1       0.0       0.0
      517199     212.6      25.9       0.0       0.0     -21.7    1402.6
      522113      29.6      -0.4       0.0       0.0       0.3    -148.1
  [Uz] g_LSQ [ 555012.6427 2141592.6071   29788.12  ]  g_GG [2.1210e+00 3.0826e+00 7.8263e-04]
         nbr       ip                                d (m)       |d|     phi_j      dphi        g.d   ratio       GG.d contrib(c_ij dphi).d_k for k=this edge  ledger: L-recon, psi_eff
      512207  1521124   [-6.591e-04, 5.080e-05, 0.000e+00] 6.610e-04     11.14    256.38    -257.01   -1.00      -0.00     -246.32  psi_eff  0.0084
      517121  1535716   [ 0.000e+00,-2.284e-05, 0.000e+00] 2.284e-05   -258.66    -13.41     -48.91    3.65      -0.00     -245.45  psi_eff  0.0084
      517159  1535828               [ 0.   , 0.   ,-0.001] 7.504e-04   -205.13     40.12     -22.35   -0.56      -0.00     -245.34  psi_eff  0.0084
      517161  1535831                  [0.   ,0.   ,0.001] 6.412e-04   -172.77     72.48      19.10    0.26       0.00     -245.17  psi_eff  0.0084
      517199  1535832      [0.000e+00,1.912e-05,0.000e+00] 1.912e-05   -163.21     82.03      40.94    0.50       0.00     -245.08  psi_eff  0.0084
      522113  1535833               [ 0.003,-0.002, 0.   ] 3.340e-03    -62.47    182.78   -3204.89  -17.53      -0.00     -258.66  psi_eff  0.0084
    寄与行列 (行 = 近傍 j の寄与 c_j dphi_j を、列 = 各辺 d_k へ射影):
     from\to    512207    517121    517159    517161    517199    522113
      512207     170.9       1.1       0.0       0.0      -0.9    -564.0
      517121     -49.6      -6.0       0.0       0.0       5.1    -327.4
      517159       0.0       0.0      20.1     -17.1       0.0       0.0
      517161       0.0       0.0     -42.4      36.2       0.0       0.0
      517199    -362.6     -44.2       0.0       0.0      37.0   -2392.4
      522113     -15.8       0.2       0.0       0.0      -0.2      78.8
====================================================================================================
node 517199: x_node [ 0.12   -0.0105  0.0979]  cc [ 0.1205 -0.0109  0.0979]  |cc-x| 6.373e-04  vol 1.960e-11  T 413.5
  U_i = (-1.23, -31.65, -163.21)
  M eig [1.2903 2.     2.7097]  cond 2.100e+00  dropped 0  boundary half-faces 0
  [Ux] g_LSQ [ -288540.0428 -1617000.3685   211620.634 ]  g_GG [-1.6477 -2.4085  0.0054]
         nbr       ip                                d (m)       |d|     phi_j      dphi        g.d   ratio       GG.d contrib(c_ij dphi).d_k for k=this edge  ledger: L-recon, psi_eff
      512246  1521240   [-6.591e-04, 5.080e-05, 0.000e+00] 6.610e-04     90.62     91.85     108.03    1.18       0.00
      517160  1535832   [ 0.000e+00,-1.912e-05, 0.000e+00] 1.912e-05     62.42     63.65      30.91    0.49       0.00       -1.23  psi_eff  0.0000
      517198  1535944               [ 0.   , 0.   ,-0.001] 7.504e-04     15.69     16.92    -158.79   -9.39      -0.00
      517200  1535947                  [0.   ,0.   ,0.001] 6.412e-04    284.60    285.83     135.68    0.47       0.00
      517238  1535948            [0.0e+00,1.6e-05,0.0e+00] 1.600e-05      0.00      1.23     -25.87  -21.07      -0.00
      522152  1535949               [ 0.003,-0.002, 0.   ] 3.340e-03   2644.56   2645.79    2752.61    1.04       0.00
    寄与行列 (行 = 近傍 j の寄与 c_j dphi_j を、列 = 各辺 d_k へ射影):
     from\to    512246    517160    517198    517200    517238    522152
      512246      61.2       0.3       0.0       0.0      -0.3    -202.0
      517160     281.3      28.7       0.0       0.0     -24.0    1856.1
      517198       0.0       0.0       8.5      -7.2       0.0       0.0
      517200       0.0       0.0    -167.3     142.9       0.0       0.0
      517238      -6.5      -0.7       0.0       0.0       0.6     -42.8
      522152    -228.0       2.5       0.0       0.0      -2.1    1141.3
  [Uy] g_LSQ [-143775.9212 -231118.6549 -136892.1567]  g_GG [-0.4378 -0.6344 -0.0039]
         nbr       ip                                d (m)       |d|     phi_j      dphi        g.d   ratio       GG.d contrib(c_ij dphi).d_k for k=this edge  ledger: L-recon, psi_eff
      512246  1521240   [-6.591e-04, 5.080e-05, 0.000e+00] 6.610e-04    -13.71     17.94      83.02    4.63       0.00
      517160  1535832   [ 0.000e+00,-1.912e-05, 0.000e+00] 1.912e-05     16.44     48.09       4.42    0.09       0.00      -29.54  psi_eff  0.9558
      517198  1535944               [ 0.   , 0.   ,-0.001] 7.504e-04     81.03    112.68     102.72    0.91       0.00
      517200  1535947                  [0.   ,0.   ,0.001] 6.412e-04   -110.91    -79.26     -87.77    1.11      -0.00
      517238  1535948            [0.0e+00,1.6e-05,0.0e+00] 1.600e-05      0.00     31.65      -3.70   -0.12      -0.00
      522152  1535949               [ 0.003,-0.002, 0.   ] 3.340e-03   -329.07   -297.42     132.01   -0.44       0.00
    寄与行列 (行 = 近傍 j の寄与 c_j dphi_j を、列 = 各辺 d_k へ射影):
     from\to    512246    517160    517198    517200    517238    522152
      512246      12.0       0.1       0.0       0.0      -0.1     -39.5
      517160     212.6      21.7       0.0       0.0     -18.2    1402.6
      517198       0.0       0.0      56.3     -48.1       0.0       0.0
      517200       0.0       0.0      46.4     -39.6       0.0       0.0
      517238    -167.1     -17.1       0.0       0.0      14.3   -1102.8
      522152      25.6      -0.3       0.0       0.0       0.2    -128.3
  [Uz] g_LSQ [ 2.2010e+06  6.4986e+06 -1.2127e+02]  g_GG [ 6.5120e+00  9.4634e+00 -1.2975e-04]
         nbr       ip                                d (m)       |d|     phi_j      dphi        g.d   ratio       GG.d contrib(c_ij dphi).d_k for k=this edge  ledger: L-recon, psi_eff
      512246  1521240   [-6.591e-04, 5.080e-05, 0.000e+00] 6.610e-04      5.21    168.43   -1120.51   -6.65      -0.00
      517160  1535832   [ 0.000e+00,-1.912e-05, 0.000e+00] 1.912e-05   -245.25    -82.03    -124.22    1.51      -0.00     -164.43  psi_eff  0.0195
      517198  1535944               [ 0.   , 0.   ,-0.001] 7.504e-04   -120.24     42.98       0.09    0.00       0.00
      517200  1535947                  [0.   ,0.   ,0.001] 6.412e-04   -126.65     36.57      -0.08   -0.00      -0.00
      517238  1535948            [0.0e+00,1.6e-05,0.0e+00] 1.600e-05      0.00    163.21     103.98    0.64       0.00
      522152  1535949               [ 0.003,-0.002, 0.   ] 3.340e-03    -65.61     97.61   -8407.50  -86.14      -0.00
    寄与行列 (行 = 近傍 j の寄与 c_j dphi_j を、列 = 各辺 d_k へ射影):
     from\to    512246    517160    517198    517200    517238    522152
      512246     112.3       0.6       0.0       0.0      -0.5    -370.5
      517160    -362.6     -37.0       0.0       0.0      31.0   -2392.4
      517198       0.0       0.0      21.5     -18.4       0.0       0.0
      517200       0.0       0.0     -21.4      18.3       0.0       0.0
      517238    -861.8     -87.9       0.0       0.0      73.6   -5686.8
      522152      -8.4       0.1       0.0       0.0      -0.1      42.1
