x_exp [mm]:    0.9   11.2   21.4   31.5   31.6   41.8   41.9   51.9   52.0   62.1   62.2   72.3   72.4
exp iso    :  0.508  0.395  0.336  0.294  0.294  0.263  0.263  0.239  0.238  0.218  0.218  0.202  0.202
exp cond   :  0.507  0.394  0.363  0.354  0.354  0.317  0.316  0.285  0.284  0.260  0.259  0.238  0.238
2D Euler node (run_0193)                     [dry] p/p0:  0.512  0.378  0.313  0.270  0.270  0.238  0.237  0.213  0.212  0.192  0.192  0.175  0.175
                                                    dev%:   +0.8   -4.3   -6.8   -8.3   -8.3   -9.8   -9.8  -10.9  -10.9  -12.0  -12.0  -13.4  -13.4   | mean|dev| x>=10mm: 9.99 %
2D SST node (run_0213)                       [dry] p/p0:  0.527  0.399  0.339  0.298  0.298  0.267  0.267  0.243  0.243  0.222  0.222  0.205  0.205
                                                    dev%:   +3.7   +1.1   +0.9   +1.3   +1.3   +1.5   +1.5   +1.7   +1.7   +1.9   +1.9   +1.7   +1.7   | mean|dev| x>=10mm: 1.53 %
2D SST cell (run_0196)                       [dry] p/p0:  0.527  0.399  0.339  0.298  0.298  0.267  0.267  0.243  0.242  0.222  0.222  0.205  0.205
                                                    dev%:   +3.7   +1.1   +0.9   +1.3   +1.3   +1.4   +1.4   +1.7   +1.7   +1.9   +1.9   +1.7   +1.7   | mean|dev| x>=10mm: 1.49 %
3D laminar node (run_0221, 対称面)              [dry] p/p0:  0.531  0.402  0.339  0.298  0.297  0.265  0.265  0.240  0.240  0.219  0.219  0.201  0.201
                                                    dev%:   +4.6   +1.8   +1.1   +1.1   +1.1   +0.7   +0.7   +0.5   +0.5   +0.3   +0.3   -0.3   -0.3   | mean|dev| x>=10mm: 0.71 %
3D SST node (run_0228, 対称面, 出口バッファ+Ps)       [dry] p/p0:  0.532  0.408  0.351  0.313  0.313  0.284  0.284  0.262  0.262  0.244  0.243  0.228  0.228
                                                    dev%:   +4.7   +3.4   +4.6   +6.4   +6.4   +7.9   +8.0   +9.8   +9.8  +11.6  +11.7  +13.1  +13.1   | mean|dev| x>=10mm: 8.81 %
2D Euler cond node (run_0194)                [cond] p/p0:  0.512  0.378  0.326  0.325  0.325  0.299  0.299  0.266  0.266  0.238  0.237  0.214  0.214
                                                    dev%:   +1.0   -4.2  -10.3   -8.3   -8.2   -5.6   -5.6   -6.6   -6.6   -8.4   -8.5  -10.1  -10.1   | mean|dev| x>=10mm: 7.71 %
2D SST cond cell (run_0197)                  [cond] p/p0:  0.527  0.399  0.345  0.343  0.343  0.332  0.332  0.300  0.300  0.271  0.271  0.247  0.247
                                                    dev%:   +3.9   +1.3   -5.0   -3.2   -3.1   +4.7   +4.8   +5.4   +5.4   +4.5   +4.5   +3.7   +3.7   | mean|dev| x>=10mm: 4.11 %
3D laminar cond node (run_0224, 対称面)         [cond] p/p0:  0.531  0.402  0.346  0.343  0.343  0.323  0.323  0.291  0.290  0.262  0.261  0.238  0.238
                                                    dev%:   +4.9   +1.9   -4.7   -3.1   -3.0   +2.0   +2.0   +2.1   +2.1   +0.9   +0.9   -0.2   -0.2   | mean|dev| x>=10mm: 1.93 %
