[check_wall_end_geometry] case/46.sern_design/run_1055_r7b_m10_A_c/sern.h5: 3D、節点 1920103、hex 1838592、内部面 5678234
  壁: ramp:4(wall_isothermal), cowl_in:5(wall_isothermal), cowl_out:6(wall_isothermal), sidewall_in:11(wall_isothermal), sidewall_out:12(wall_isothermal), vehicle_top:15(wall_isothermal), vehicle_side:17(wall_isothermal), vehicle_base:18(wall_isothermal)
  壁の辺の候補 60564 → 端 knife 130・convex 520・open 0 (閾値 φ: knife ≥ 300°、convex > 225°、open ≥ 160° かつ壁でない面に接する)
  --pair cowl_in,cowl_out: 同じ節点 ID で共有する辺 58 (うち knife 58)
  --pair sidewall_in,sidewall_out: 同じ節点 ID で共有する辺 72 (うち knife 72)

終端線 (φ = 流体角 [deg]、長さ・範囲は h5 の座標の単位):
  id    分類     タグ                              節点         長さ   φ min   φ max  向き                     範囲
  L1    knife  cowl_in|cowl_out                35    0.04015   329.3   359.6  (0.996, -0.087, 0)     (0.08, -0.0104986, 0.1) – (0.12, -0.00699909, 0.1)
  L2    knife  cowl_in|cowl_out                25        0.1   358.8   359.7  (0, 0, 1)              (0.12, -0.0104986, 0) – (0.12, -0.0104986, 0.1)
  L3    knife  sidewall_in|sidewall_out        73     0.1284   360.0   360.0  (0, 1, 0)              (0.08, -0.00699909, 0.1) – (0.08, 0.121436, 0.1)
  L4    convex cowl_out|sidewall_out           71     0.1303   254.6   254.6  (0.997, -0.078, 0)     (-0.05, -0.00699909, 0.1) – (0.08, -0, 0.1)
  L5    convex ramp|vehicle_base               25        0.1   270.7   270.7  (0, 0, 1)              (1.00916, 0.268341, 0) – (1.00916, 0.268341, 0.1)
  L6    convex ramp|vehicle_side              159     0.9452   270.0   270.0  (0.985, 0.175, 0)      (0.08, 0.121436, 0.1) – (1.00916, 0.268651, 0.1)
  L7    convex vehicle_base|vehicle_side       17      0.002   270.0   270.0  (0, 1, 0)              (1.00916, 0.268341, 0.1) – (1.00916, 0.270341, 0.1)
  L8    convex vehicle_base|vehicle_top        25        0.1   266.3   266.3  (0, 0, 1)              (1.00916, 0.270341, 0) – (1.00916, 0.270341, 0.1)
  L9    convex vehicle_side|vehicle_top       229      1.059   270.0   270.0  (1, -0.001, 0)         (-0.05, 0.270341, 0.1) – (1.00916, 0.27539, 0.1)

要約 (終端線 × 面 × 層。kink = 前後の辺の角度差 [deg]、disp/h = 下流の辺の壁法線方向の変位 / 層間隔、len = 下流/上流の辺長、cond = LSQ の M の条件数):
  id    面                   層    節点   kink最大   kink中央   |disp/h|最大    len最大    len最小    cond最大 drop flag  kink 最大の節点 (座標)
  L1    cowl_in             0    35    15.42     8.39        6.895    1.000    0.964      2.12    0    0  348840 (0.08, -0.00699909, 0.1)
  L1    cowl_in             1    35    15.42     8.39        5.595    1.000    0.964      2.12    0    0  348879 (0.08, -0.00698309, 0.1)
  L1    cowl_in             2    35    15.42     8.39         4.54    1.000    0.964      2.12    0    0  378636 (0.091622, -0.00798014, 0.1)
  L1    cowl_in             3    35    15.42     8.39        3.684    1.000    0.964      2.12    0    0  348957 (0.08, -0.00693908, 0.1)
  L1    cowl_out            0    35    15.42     8.39        6.895    1.000    0.964      2.12    0    0  348840 (0.08, -0.00699909, 0.1)
  L1    cowl_out            1    35    15.42     8.39        5.771    1.000    0.964      2.12    0    0  348801 (0.08, -0.00701509, 0.1)
  L1    cowl_out            2    35    15.42     8.39         4.83    1.000    0.964      2.12    0    0  348762 (0.08, -0.00703421, 0.1)
  L1    cowl_out            3    35    15.42     8.39        4.043    1.000    0.964      2.12    0    0  348723 (0.08, -0.00705705, 0.1)
  L2    cowl_in             0    25    35.24    34.64        120.5    5.048    5.043      3.17    0    0  517242 (0.12, -0.0104986, 0.1)
  L2    cowl_in             1    25    35.24    34.64        97.45    5.048    5.043      2.73    0    0  517281 (0.12, -0.0104826, 0.1)
  L2    cowl_in             2    25    35.24    34.64        78.81    5.048    5.043      2.73    0    0  517320 (0.12, -0.0104629, 0.1)
  L2    cowl_in             3    25    35.24    34.64        63.74    5.048    5.043      2.73    0    0  517359 (0.12, -0.0104384, 0.1)
  L2    cowl_out            0    25    35.83    35.83        122.5    5.052    5.048      3.17    0    0  517218 (0.12, -0.0104986, 0)
  L2    cowl_out            1    25    35.83    35.83        102.6    5.052    5.048      2.71    0    0  517179 (0.12, -0.0105146, 0)
  L2    cowl_out            2    25    35.83    35.83        85.85    5.052    5.048      2.71    0    0  517140 (0.12, -0.0105338, 0)
  L2    cowl_out            3    25    35.83    35.83        71.86    5.052    5.048      2.71    0    0  517101 (0.12, -0.0105566, 0)
  L3    sidewall_in         0    73     0.00     0.00            0    1.034    1.034      1.95    0    0  350010 (0.08, 0.0214444, 0.1)
  L3    sidewall_in         1    73     0.00     0.00            0    1.034    1.034      2.54    0    0  350516 (0.08, 0.0973817, 0.0996)
  L3    sidewall_in         2    73     0.00     0.00            0    1.034    1.034      2.41    0    0  350008 (0.08, 0.0216474, 0.0991319)
  L3    sidewall_in         3    73     0.00     0.00            0    1.034    1.034      2.41    0    0  350007 (0.08, 0.0216474, 0.098584)
  L3    sidewall_out        0    73     0.00     0.00            0    1.034    1.034      1.95    0    0  350010 (0.08, 0.0214444, 0.1)
  L3    sidewall_out        1    73     0.00     0.00            0    1.034    1.034       1.7    0    0  350011 (0.08, 0.0214444, 0.1004)
  L3    sidewall_out        2    73     0.00     0.00            0    1.034    1.034       1.7    0    0  350012 (0.08, 0.0214444, 0.100976)
  L3    sidewall_out        3    73     0.00     0.00            0    1.034    1.034       1.7    0    0  350013 (0.08, 0.0214444, 0.101807)
  L4    cowl_out            0    71    15.42    15.42        6.895    0.964    0.964      2.27    0    0  86331 (0.00254669, -0.000222807, 0.1)
  L4    cowl_out            1    71    15.42    15.42        5.771    0.964    0.964      2.27    0    0  140775 (0.0101914, -0.000907629, 0.1)
  L4    cowl_out            2    71    15.42    15.42         4.83    0.964    0.964      2.27    0    0  115971 (0.00650284, -0.000604044, 0.1)
  L4    cowl_out            3    71    15.42    15.42        4.042    0.964    0.964      2.27    0    0  190227 (0.0206152, -0.00186156, 0.1)
  L4    sidewall_out        0    71     0.00     0.00            0    1.000    1.000      2.27    0    0  2130 (-0.05, 0, 0.1)
  L4    sidewall_out        1    71     0.00     0.00            0    1.000    1.000         2    0    0  2131 (-0.05, 0, 0.1004)
  L4    sidewall_out        2    71     0.00     0.00            0    1.000    1.000         2    0    0  2132 (-0.05, 0, 0.100976)
  L4    sidewall_out        3    71     0.00     0.00            0    1.000    1.000         2    0    0  2133 (-0.05, 0, 0.101807)
  L5    ramp                0    25     0.03     0.03    0.0005769    0.007    0.007      2.03    0    0  1134198 (1.00916, 0.268341, 0)
  L5    ramp                1    25     0.03     0.03    0.0004382    0.007    0.007      2.03    0    0  1134159 (1.00916, 0.268325, 0)
  L5    ramp                2    25     0.07     0.07    0.0007406    0.007    0.007      2.03    0    0  1134120 (1.00916, 0.268304, 0)
  L5    ramp                3    25     0.03     0.03    0.0002523    0.007    0.007      2.03    0    0  1134081 (1.00916, 0.268277, 0)
  L5    vehicle_base        0    25     0.00     0.00            0    1.000    1.000      2.03    0    0  1134198 (1.00916, 0.268341, 0)
  L5    vehicle_base        1    25     0.00     0.00            0    1.002    1.002      2.03    0    0  1139151 (1.00918, 0.268341, 0)
  L5    vehicle_base        2    25     0.00     0.00            0    0.998    0.998      2.03    0    0  1144104 (1.0092, 0.268341, 0)
  L5    vehicle_base        3    25     0.00     0.00            0    1.000    1.000      2.03    0    0  1149057 (1.00923, 0.26834, 0)
  L6    ramp                0   159     0.00     0.00            0    1.000    1.000      1.95    0    0  351648 (0.08, 0.121436, 0.1)
  L6    ramp                1   159     0.00     0.00            0    1.000    1.000      1.95    0    0  351609 (0.08, 0.12142, 0.1)
  L6    ramp                2   159     0.00     0.00            0    1.000    1.000      1.95    0    0  430818 (0.106143, 0.128405, 0.1)
  L6    ramp                3   159     0.00     0.00            0    1.000    1.000      1.95    0    0  415920 (0.102688, 0.127455, 0.1)
  L6    vehicle_side        0   159     0.00     0.00            0    1.002    0.998      1.95    0    0  351648 (0.08, 0.121436, 0.1)
  L6    vehicle_side        1   159     0.00     0.00            0    1.002    0.998       1.7    0    0  351649 (0.08, 0.121436, 0.1004)
  L6    vehicle_side        2   159     0.00     0.00            0    1.002    0.998       1.7    0    0  351650 (0.08, 0.121436, 0.100976)
  L6    vehicle_side        3   159     0.00     0.00            0    1.002    0.998       1.7    0    0  351651 (0.08, 0.121436, 0.101807)
  L7    vehicle_base        0    17     0.00     0.00            0    1.000    1.000      1.08    0    0  1134222 (1.00916, 0.268341, 0.1)
  L7    vehicle_base        1    17     0.00     0.00            0    1.000    1.000      1.03    0    0  1139175 (1.00918, 0.268341, 0.1)
  L7    vehicle_base        2    17     0.00     0.00            0    1.000    1.000      1.03    0    0  1144128 (1.0092, 0.268341, 0.1)
  L7    vehicle_base        3    17     0.00     0.00            0    1.000    1.000      1.03    0    0  1149081 (1.00923, 0.26834, 0.1)
  L7    vehicle_side        0    17     2.89     0.21            0    0.007    0.007      1.08    0    0  1289443 (1.00916, 0.270341, 0.1)
  L7    vehicle_side        1    17     2.89     0.21            0    0.007    0.007      1.08    0    0  1289444 (1.00916, 0.270341, 0.1004)
  L7    vehicle_side        2    17     2.89     0.21            0    0.007    0.007      1.08    0    0  1289445 (1.00916, 0.270341, 0.100976)
  L7    vehicle_side        3    17     2.89     0.21            0    0.007    0.007      1.08    0    0  1289446 (1.00916, 0.270341, 0.101807)
  L8    vehicle_base        0    25     0.00     0.00            0    0.150    0.150      2.08    0    0  1289419 (1.00916, 0.270341, 0)
  L8    vehicle_base        1    25     0.00     0.00            0    0.150    0.150      2.03    0    0  1289458 (1.00918, 0.270341, 0)
  L8    vehicle_base        2    25     0.00     0.00            0    0.150    0.150      2.03    0    0  1289497 (1.0092, 0.270341, 0)
  L8    vehicle_base        3    25     0.00     0.00            0    0.150    0.150      2.03    0    0  1289536 (1.00923, 0.27034, 0)
  L8    vehicle_top         0    25     2.89     2.89      0.01425    0.007    0.007      2.08    0    0  1289419 (1.00916, 0.270341, 0)
  L8    vehicle_top         1    25     2.99     2.99      0.01327    0.007    0.007      2.08    0    0  1788502 (1.00916, 0.270401, 0)
  L8    vehicle_top         2    25     2.89     2.89      0.01154    0.007    0.007      2.08    0    0  1788541 (1.00916, 0.270468, 0)
  L8    vehicle_top         3    25     2.99     2.99      0.01074    0.007    0.007      2.08    0    0  1788580 (1.00916, 0.270542, 0)
  L9    vehicle_side        0   229     0.00     0.00            0    0.150    0.001         2    0    0  1280551 (-0.05, 0.274651, 0.1)
  L9    vehicle_side        1   229     0.00     0.00            0    0.150    0.001         2    0    0  1280552 (-0.05, 0.274651, 0.1004)
  L9    vehicle_side        2   229     0.00     0.00            0    0.150    0.001         2    0    0  1280553 (-0.05, 0.274651, 0.100976)
  L9    vehicle_side        3   229     0.00     0.00            0    0.150    0.001         2    0    0  1280554 (-0.05, 0.274651, 0.101807)
  L9    vehicle_top         0   229     0.00     0.00            0    1.000    1.000         2    0    0  1280551 (-0.05, 0.274651, 0.1)
  L9    vehicle_top         1   229     0.00     0.00            0    1.000    1.000         2    0    0  1290574 (-0.05, 0.274711, 0.1)
  L9    vehicle_top         2   229     0.00     0.00            0    1.000    1.000         2    0    0  1290613 (-0.05, 0.274778, 0.1)
  L9    vehicle_top         3   229     0.00     0.00            0    1.000    1.000         2    0    0  1290652 (-0.05, 0.274852, 0.1)

上位 40 節点 (--sort kink):
  id    面                   層        節点 u→t→d                        L_up     L_down    kink        disp          h     disp/h     len nLSQ λ (昇順)                       cond      φ  座標 / flag
  L2    cowl_out            0    517218 512265→517218→522171     0.000661    0.00334   35.83    0.001955  1.595e-05      122.5   5.052    6 (1, 1.83, 3.17)              3.17  358.8  (0.12, -0.0104986, 0)
  L2    cowl_out            1    517179 512226→517179→522132     0.000661    0.00334   35.83    0.001955  1.906e-05      102.6   5.052    5 (1, 1.29, 2.71)              2.71  358.8  (0.12, -0.0105146, 0)
  L2    cowl_out            0    517219 512266→517219→522172     0.000661    0.00334   35.83    0.001955  1.595e-05      122.5   5.052    7 (1.83, 2, 3.17)              1.73  358.8  (0.12, -0.0104986, 0.0148948)
  L2    cowl_out            1    517180 512227→517180→522133     0.000661    0.00334   35.83    0.001955  1.906e-05      102.6   5.052    6 (1.29, 2, 2.71)               2.1  358.8  (0.12, -0.0105146, 0.0148948)
  L2    cowl_out            0    517220 512267→517220→522173     0.000661    0.00334   35.83    0.001955  1.595e-05      122.5   5.052    7 (1.83, 2, 3.17)              1.73  358.8  (0.12, -0.0104986, 0.027622)
  L2    cowl_out            1    517181 512228→517181→522134     0.000661    0.00334   35.83    0.001955  1.906e-05      102.6   5.052    6 (1.29, 2, 2.71)               2.1  358.8  (0.12, -0.0105146, 0.027622)
  L2    cowl_out            0    517221 512268→517221→522174     0.000661    0.00334   35.83    0.001955  1.595e-05      122.5   5.052    7 (1.83, 2, 3.17)              1.73  358.8  (0.12, -0.0104986, 0.0384969)
  L2    cowl_out            1    517182 512229→517182→522135     0.000661    0.00334   35.83    0.001955  1.906e-05      102.6   5.052    6 (1.29, 2, 2.71)               2.1  358.8  (0.12, -0.0105146, 0.0384969)
  L2    cowl_out            0    517222 512269→517222→522175     0.000661    0.00334   35.83    0.001955  1.595e-05      122.5   5.052    7 (1.83, 2, 3.17)              1.73  358.8  (0.12, -0.0104986, 0.0477893)
  L2    cowl_out            1    517183 512230→517183→522136     0.000661    0.00334   35.83    0.001955  1.906e-05      102.6   5.052    6 (1.29, 2, 2.71)               2.1  358.8  (0.12, -0.0105146, 0.0477893)
  L2    cowl_out            0    517223 512270→517223→522176     0.000661    0.00334   35.83    0.001955  1.595e-05      122.5   5.052    7 (1.83, 2, 3.17)              1.73  358.8  (0.12, -0.0104986, 0.0557293)
  L2    cowl_out            1    517184 512231→517184→522137     0.000661    0.00334   35.83    0.001955  1.906e-05      102.6   5.052    6 (1.29, 2, 2.71)               2.1  358.8  (0.12, -0.0105146, 0.0557293)
  L2    cowl_out            0    517224 512271→517224→522177     0.000661    0.00334   35.83    0.001955  1.595e-05      122.5   5.052    7 (1.83, 2, 3.17)              1.73  358.8  (0.12, -0.0104986, 0.0625138)
  L2    cowl_out            1    517185 512232→517185→522138     0.000661    0.00334   35.83    0.001955  1.906e-05      102.6   5.052    6 (1.29, 2, 2.71)               2.1  358.8  (0.12, -0.0105146, 0.0625138)
  L2    cowl_out            0    517225 512272→517225→522178     0.000661    0.00334   35.83    0.001955  1.595e-05      122.5   5.052    7 (1.83, 2, 3.17)              1.73  358.8  (0.12, -0.0104986, 0.068311)
  L2    cowl_out            1    517186 512233→517186→522139     0.000661    0.00334   35.83    0.001955  1.906e-05      102.6   5.052    6 (1.29, 2, 2.71)               2.1  358.8  (0.12, -0.0105146, 0.068311)
  L2    cowl_out            0    517226 512273→517226→522179     0.000661    0.00334   35.83    0.001955  1.595e-05      122.5   5.052    7 (1.83, 2, 3.17)              1.73  358.8  (0.12, -0.0104986, 0.0732645)
  L2    cowl_out            1    517187 512234→517187→522140     0.000661    0.00334   35.83    0.001955  1.906e-05      102.6   5.052    6 (1.29, 2, 2.71)               2.1  358.8  (0.12, -0.0105146, 0.0732645)
  L2    cowl_out            0    517227 512274→517227→522180     0.000661    0.00334   35.83    0.001955  1.595e-05      122.5   5.052    7 (1.83, 2, 3.17)              1.73  358.8  (0.12, -0.0104986, 0.0774971)
  L2    cowl_out            1    517188 512235→517188→522141     0.000661    0.00334   35.83    0.001955  1.906e-05      102.6   5.052    6 (1.29, 2, 2.71)               2.1  358.8  (0.12, -0.0105146, 0.0774971)
  L2    cowl_out            0    517228 512275→517228→522181     0.000661    0.00334   35.83    0.001955  1.595e-05      122.5   5.052    7 (1.83, 2, 3.17)              1.73  358.8  (0.12, -0.0104986, 0.0811137)
  L2    cowl_out            1    517189 512236→517189→522142     0.000661    0.00334   35.83    0.001955  1.906e-05      102.6   5.052    6 (1.29, 2, 2.71)               2.1  358.8  (0.12, -0.0105146, 0.0811137)
  L2    cowl_out            0    517229 512276→517229→522182     0.000661    0.00334   35.83    0.001955  1.595e-05      122.5   5.052    7 (1.83, 2, 3.17)              1.73  358.8  (0.12, -0.0104986, 0.084204)
  L2    cowl_out            1    517190 512237→517190→522143     0.000661    0.00334   35.83    0.001955  1.906e-05      102.6   5.052    6 (1.29, 2, 2.71)               2.1  358.8  (0.12, -0.0105146, 0.084204)
  L2    cowl_out            0    517230 512277→517230→522183     0.000661    0.00334   35.83    0.001955  1.595e-05      122.5   5.052    7 (1.83, 2, 3.17)              1.73  358.8  (0.12, -0.0104986, 0.0868446)
  L2    cowl_out            1    517191 512238→517191→522144     0.000661    0.00334   35.83    0.001955  1.906e-05      102.6   5.052    6 (1.29, 2, 2.71)               2.1  358.8  (0.12, -0.0105146, 0.0868446)
  L2    cowl_out            0    517231 512278→517231→522184     0.000661    0.00334   35.83    0.001955  1.595e-05      122.5   5.052    7 (1.83, 2, 3.17)              1.73  358.8  (0.12, -0.0104986, 0.0891009)
  L2    cowl_out            1    517192 512239→517192→522145     0.000661    0.00334   35.83    0.001955  1.906e-05      102.6   5.052    6 (1.29, 2, 2.71)               2.1  358.8  (0.12, -0.0105146, 0.0891009)
  L2    cowl_out            0    517232 512279→517232→522185     0.000661    0.00334   35.83    0.001955  1.595e-05      122.5   5.052    7 (1.83, 2, 3.17)              1.73  358.8  (0.12, -0.0104986, 0.0910288)
  L2    cowl_out            1    517193 512240→517193→522146     0.000661    0.00334   35.83    0.001955  1.906e-05      102.6   5.052    6 (1.29, 2, 2.71)               2.1  358.8  (0.12, -0.0105146, 0.0910288)
  L2    cowl_out            0    517233 512280→517233→522186     0.000661    0.00334   35.83    0.001955  1.595e-05      122.5   5.052    7 (1.83, 2, 3.17)              1.73  358.8  (0.12, -0.0104986, 0.0926762)
  L2    cowl_out            1    517194 512241→517194→522147     0.000661    0.00334   35.83    0.001955  1.906e-05      102.6   5.052    6 (1.29, 2, 2.71)               2.1  358.8  (0.12, -0.0105146, 0.0926762)
  L2    cowl_out            0    517234 512281→517234→522187     0.000661    0.00334   35.83    0.001955  1.595e-05      122.5   5.052    7 (1.83, 2, 3.17)              1.73  358.8  (0.12, -0.0104986, 0.0940838)
  L2    cowl_out            1    517195 512242→517195→522148     0.000661    0.00334   35.83    0.001955  1.906e-05      102.6   5.052    6 (1.29, 2, 2.71)               2.1  358.8  (0.12, -0.0105146, 0.0940838)
  L2    cowl_out            0    517235 512282→517235→522188     0.000661    0.00334   35.83    0.001955  1.595e-05      122.5   5.052    7 (1.83, 2, 3.17)              1.73  358.8  (0.12, -0.0104986, 0.0952866)
  L2    cowl_out            1    517196 512243→517196→522149     0.000661    0.00334   35.83    0.001955  1.906e-05      102.6   5.052    6 (1.29, 2, 2.71)               2.1  358.8  (0.12, -0.0105146, 0.0952866)
  L2    cowl_out            0    517236 512283→517236→522189     0.000661    0.00334   35.83    0.001955  1.595e-05      122.5   5.052    7 (1.83, 2, 3.17)              1.73  358.8  (0.12, -0.0104986, 0.0963143)
  L2    cowl_out            1    517197 512244→517197→522150     0.000661    0.00334   35.83    0.001955  1.906e-05      102.6   5.052    6 (1.29, 2, 2.71)               2.1  358.8  (0.12, -0.0105146, 0.0963143)
  L2    cowl_out            0    517237 512284→517237→522190     0.000661    0.00334   35.83    0.001955  1.595e-05      122.5   5.052    7 (1.83, 2, 3.17)              1.73  358.8  (0.12, -0.0104986, 0.0971925)
  L2    cowl_out            1    517198 512245→517198→522151     0.000661    0.00334   35.83    0.001955  1.906e-05      102.6   5.052    6 (1.29, 2, 2.71)               2.1  358.8  (0.12, -0.0105146, 0.0971925)

CSV: /home/ubuntu/te_grad_diag/wall_ends_g3_run1055_lines.csv (要約)、/home/ubuntu/te_grad_diag/wall_ends_g3_run1055_nodes.csv (全行)
